#instance5000_1.txt
#area [0, max_x] x [0, max_y]
100 100
#number of points num_pt
5000
#coordinates
32 11
99 38
79 78
13 78
6 49
85 34
84 92
41 0
95 36
66 79
68 33
60 71
74 41
90 89
88 83
69 87
94 67
91 39
45 4
16 17
19 0
52 3
58 59
70 19
96 35
64 29
68 90
0 8
31 56
97 85
38 31
71 99
98 62
37 8
66 53
26 85
19 44
54 44
2 23
29 64
24 93
60 59
83 26
67 13
82 29
98 19
60 35
17 23
97 54
99 28
73 91
79 59
34 100
69 2
89 98
33 13
90 93
72 72
18 4
51 100
100 15
18 25
50 2
48 12
22 12
40 62
2 85
20 2
84 55
72 73
52 4
52 41
97 23
80 81
94 97
80 59
11 64
84 27
32 98
5 55
10 45
83 79
97 2
82 80
57 53
18 75
23 70
15 19
93 61
100 52
58 45
10 35
8 60
63 7
58 68
62 34
80 44
79 76
12 60
21 35
79 40
9 1
9 91
87 69
52 52
87 76
97 64
10 72
23 39
79 47
74 6
81 53
16 26
95 95
52 82
29 31
21 4
99 98
95 52
66 12
70 52
88 33
15 65
71 5
3 15
52 77
21 100
96 3
25 56
98 77
38 93
74 59
97 39
56 57
57 88
70 26
6 23
59 88
54 29
93 58
44 11
0 31
10 63
34 1
18 98
44 56
90 18
15 86
23 37
43 80
25 79
72 98
68 31
85 89
26 44
46 37
55 12
75 69
99 94
66 42
49 56
26 30
7 49
34 16
95 25
61 67
22 96
64 73
84 90
16 96
26 37
7 95
68 49
29 66
42 95
75 57
16 0
54 91
16 88
6 10
12 34
43 0
29 6
73 12
97 56
7 22
93 14
83 27
29 11
59 37
73 33
95 55
0 14
45 16
68 18
93 80
52 36
46 81
42 85
93 38
40 100
27 33
80 9
60 9
88 18
46 26
18 6
81 18
87 93
34 54
10 26
100 28
62 45
8 71
30 67
8 70
66 35
69 11
11 28
87 65
13 33
91 98
5 37
15 93
96 15
46 5
7 46
100 36
57 7
6 87
74 14
23 5
16 92
84 94
87 70
58 66
69 14
63 41
51 44
59 45
85 66
57 85
1 81
92 74
67 32
89 56
3 71
14 87
64 67
99 92
1 61
32 18
71 31
31 29
43 16
61 100
0 29
80 58
2 13
90 57
35 60
94 49
46 57
82 69
44 80
27 11
6 59
30 77
57 61
72 100
43 33
99 43
28 45
68 97
24 57
20 59
83 13
75 96
71 56
64 81
2 57
59 8
16 89
86 73
15 57
38 59
56 36
68 50
47 35
47 71
59 67
97 41
36 83
64 61
23 89
70 5
77 21
44 58
78 82
83 0
85 51
50 31
52 63
69 10
96 31
18 42
68 20
53 54
54 77
42 90
48 85
10 93
43 88
74 25
54 24
42 4
56 95
33 91
71 29
88 55
37 21
76 61
13 28
82 67
71 90
22 86
75 32
78 84
87 17
8 40
42 51
44 64
11 44
20 82
73 7
3 9
28 79
36 7
73 84
41 10
74 63
96 48
96 39
31 82
56 5
21 64
22 32
94 100
76 13
82 14
20 51
90 14
96 25
22 68
9 63
44 49
25 5
97 87
44 94
68 67
65 56
30 88
88 24
87 29
3 34
43 91
85 99
4 46
23 93
14 99
21 24
47 13
30 9
100 40
69 34
6 34
90 37
88 43
27 40
72 30
41 81
87 25
79 92
72 68
50 52
33 38
42 46
51 72
22 50
12 91
50 85
88 44
85 19
11 25
66 98
16 44
55 54
79 72
72 11
9 14
23 26
52 45
76 30
2 93
15 59
31 2
3 80
84 54
65 61
45 31
24 61
41 46
82 19
17 53
97 93
33 87
18 86
31 60
82 100
25 50
32 28
96 82
48 60
42 93
91 32
19 32
78 0
17 61
20 14
19 53
0 37
4 98
64 87
64 15
15 89
31 47
28 30
87 36
89 43
35 7
41 12
75 59
40 95
39 59
47 5
63 52
2 26
4 66
7 19
20 39
33 2
31 61
99 84
64 53
27 99
61 34
77 35
93 16
42 42
36 4
94 5
37 3
84 58
8 83
26 40
43 92
23 73
44 16
37 71
51 14
5 9
97 0
41 38
9 43
8 69
48 4
33 52
9 83
65 1
22 74
93 12
47 37
95 84
74 11
64 80
21 61
46 28
65 21
37 74
91 86
44 23
3 18
5 12
1 36
80 23
9 73
1 22
76 63
73 49
74 36
95 61
89 28
28 93
7 47
30 12
59 98
14 38
20 24
77 89
46 18
51 85
68 91
21 28
52 50
35 6
99 78
48 42
90 56
89 86
34 13
49 49
18 69
39 95
23 51
13 74
36 47
65 23
75 83
73 77
89 84
6 88
61 54
29 16
9 85
68 10
98 16
59 15
86 98
77 75
48 56
49 50
2 80
73 43
62 12
19 50
3 56
46 100
73 21
84 40
31 81
57 90
63 8
53 39
49 68
95 64
17 63
43 57
5 71
69 92
88 30
83 91
86 28
56 24
16 39
87 54
3 49
28 56
88 77
90 48
41 74
10 50
30 82
21 65
39 75
95 22
31 46
71 32
93 1
46 79
21 49
27 49
71 81
25 61
28 32
0 4
83 30
10 55
13 41
0 30
28 71
28 21
38 74
66 59
89 94
74 60
74 100
98 53
73 80
83 59
15 43
51 25
98 64
67 98
60 61
35 89
48 39
28 14
65 84
74 38
43 47
37 96
82 35
48 55
81 97
80 97
5 30
21 2
95 54
66 20
15 67
8 29
6 3
43 71
87 83
30 79
57 11
80 71
32 60
67 12
22 72
42 10
40 2
64 72
23 45
5 98
75 78
0 84
14 53
67 89
48 63
67 71
40 46
41 73
73 74
85 95
11 93
4 51
90 85
80 95
82 20
72 49
4 86
68 37
40 16
66 7
53 5
19 95
44 92
68 95
53 80
88 57
97 49
58 52
33 4
12 81
24 84
96 95
35 64
98 76
46 63
49 99
69 68
60 27
7 12
73 61
35 35
9 60
88 8
64 100
50 51
15 51
14 12
93 60
76 41
58 10
76 17
89 1
10 62
13 83
22 14
17 98
40 71
72 3
37 27
58 87
78 73
3 58
51 63
17 93
70 41
2 45
24 92
46 34
53 25
16 42
6 0
5 46
71 78
50 7
4 74
60 82
12 30
39 63
93 22
56 62
29 24
7 54
88 1
45 71
43 51
71 48
97 7
25 12
82 96
52 7
43 64
37 48
94 29
70 15
58 100
5 31
19 88
50 73
89 95
43 98
11 80
11 75
88 3
53 35
99 5
42 8
35 80
75 26
76 32
92 82
63 10
35 13
83 90
74 93
87 52
72 64
93 25
33 45
60 99
6 52
48 62
46 89
54 22
21 45
70 50
29 71
94 70
29 46
21 0
93 9
58 18
74 75
20 80
93 34
23 96
26 10
6 96
60 95
66 56
65 25
25 94
37 12
60 13
92 18
89 15
37 62
56 23
41 48
58 48
87 47
9 79
57 16
41 83
10 6
4 41
32 96
0 69
7 26
48 99
45 36
14 82
64 36
4 4
85 28
19 71
75 28
15 98
10 56
81 87
29 51
27 61
47 94
96 54
20 10
19 31
12 100
12 77
35 16
47 19
45 66
56 86
95 72
84 71
94 30
58 22
81 51
49 27
45 11
48 31
21 33
62 33
32 40
9 33
53 67
89 75
19 49
12 2
20 6
32 44
95 78
73 5
89 87
36 76
19 64
8 51
3 85
50 26
7 2
59 62
44 78
11 56
80 98
62 78
41 57
23 35
0 62
7 89
48 9
74 4
84 43
89 33
35 62
2 95
91 46
38 1
68 85
65 97
62 5
53 51
6 53
12 13
7 60
93 29
41 76
72 97
76 7
24 78
68 14
90 5
82 23
90 46
19 18
17 72
69 24
24 48
3 98
7 93
34 0
88 42
42 60
4 84
33 95
61 0
9 16
72 91
3 59
46 20
98 14
10 88
62 14
86 36
73 86
2 61
94 10
87 98
95 19
59 21
86 68
38 57
24 44
85 27
69 30
48 32
11 58
38 72
57 43
4 17
81 48
76 39
69 61
6 73
84 98
16 69
24 52
65 38
84 76
63 70
82 0
41 56
44 65
66 48
38 28
67 80
68 1
40 40
75 91
37 57
25 62
75 90
66 25
95 13
96 36
35 39
67 0
88 14
86 92
42 18
72 9
20 78
50 61
68 87
14 93
49 81
17 81
60 70
80 61
9 46
62 97
54 2
32 25
11 52
3 27
79 37
14 96
30 95
54 45
41 37
92 16
86 95
78 95
7 39
57 67
19 11
35 51
69 72
40 47
9 20
8 5
15 63
50 22
38 47
24 24
8 1
85 15
7 8
48 26
86 84
77 54
63 45
26 2
58 35
90 66
6 71
7 53
21 15
20 72
30 27
80 45
95 96
86 57
6 78
25 64
12 14
85 91
51 35
54 96
74 40
68 13
15 87
10 9
49 62
32 21
39 57
52 17
72 48
1 56
38 7
100 56
8 74
14 28
35 54
69 69
91 2
48 72
55 58
47 70
20 79
92 25
36 43
43 74
57 44
52 96
35 30
21 71
51 90
39 7
80 79
49 30
72 6
56 74
47 72
8 42
32 26
19 39
9 96
29 14
3 53
0 49
31 10
7 79
18 29
52 33
94 65
4 68
74 3
95 77
52 13
15 97
53 91
93 48
4 62
77 98
82 17
97 28
84 14
28 43
80 99
10 53
1 71
29 53
84 11
16 2
68 75
2 16
81 91
96 57
51 61
73 79
78 81
71 45
51 66
43 81
3 11
50 57
36 59
16 97
39 27
21 91
89 60
69 58
78 12
4 14
58 56
46 22
2 60
0 23
80 16
75 81
99 91
43 38
18 30
28 73
90 63
97 33
76 1
13 100
23 60
88 46
72 15
79 52
31 24
34 72
63 13
86 100
94 48
33 35
49 46
34 38
72 21
84 87
77 56
1 21
74 99
45 7
37 15
5 100
95 42
12 4
4 65
11 3
100 27
49 100
65 88
20 15
37 42
84 10
6 95
76 55
97 20
75 35
84 79
100 62
82 66
65 53
51 86
34 24
14 71
66 65
47 73
59 97
82 1
52 91
72 14
10 12
49 61
92 15
22 39
81 10
97 30
0 9
42 14
48 67
10 97
68 28
87 39
52 58
90 9
73 11
14 19
88 84
13 46
38 80
22 46
60 36
13 37
32 81
65 18
87 74
82 4
99 71
80 37
49 94
57 2
43 21
52 46
92 53
16 11
7 48
59 39
67 45
79 14
49 77
51 28
14 100
88 71
69 31
58 20
43 5
52 0
58 29
81 23
66 97
34 74
44 93
79 77
3 57
91 52
34 42
46 14
7 34
51 76
31 8
97 74
80 14
40 4
43 20
27 8
48 27
3 90
8 50
2 54
64 9
54 81
52 85
89 14
24 34
28 65
38 37
51 31
11 34
59 26
18 97
0 68
57 75
84 25
29 47
1 83
94 53
34 82
67 58
83 61
89 20
64 6
40 77
67 33
88 52
29 54
86 87
29 70
78 24
31 6
24 64
27 54
92 45
96 98
88 28
30 41
80 60
61 32
12 56
1 90
80 84
69 53
26 66
25 51
30 56
23 20
42 16
41 33
61 2
55 77
53 16
8 65
38 76
21 18
37 18
69 17
85 58
4 93
75 11
92 1
13 89
16 9
16 37
52 35
53 26
0 92
1 88
76 94
11 97
6 46
14 57
49 78
96 41
80 75
29 96
32 36
47 52
62 13
9 30
67 51
23 76
29 34
72 1
80 52
59 49
2 7
27 64
14 6
38 10
68 89
88 66
24 0
84 52
13 59
48 46
9 71
71 60
6 16
78 31
66 81
44 19
65 49
96 99
37 83
79 63
73 27
76 83
64 97
22 59
17 0
56 83
81 61
41 91
39 41
3 76
90 34
2 39
14 48
2 87
35 4
40 89
39 29
13 57
29 36
5 76
97 47
32 42
52 72
49 22
13 38
22 16
78 36
64 46
89 4
90 91
8 96
45 14
24 58
37 19
60 8
95 56
55 94
64 74
65 12
17 84
86 90
6 40
60 62
30 35
23 75
15 48
33 59
82 82
88 45
55 52
24 16
66 22
1 17
11 74
23 72
73 58
95 88
72 60
5 5
86 31
100 67
12 87
11 67
4 35
49 66
42 81
98 100
16 21
37 51
41 9
62 68
18 47
13 11
70 91
44 40
93 94
40 94
78 4
59 60
92 96
78 32
71 53
33 33
66 61
0 85
7 100
34 87
10 4
78 20
10 36
70 20
10 13
24 69
74 15
31 51
13 1
3 12
1 35
74 1
86 47
67 20
34 77
91 78
64 0
13 43
17 83
63 94
63 53
28 36
34 59
27 56
60 28
91 100
96 43
63 80
5 53
57 69
19 36
12 36
86 41
61 24
84 95
49 36
92 68
36 48
91 12
61 19
93 66
38 15
1 58
52 80
60 3
20 56
51 81
36 84
51 39
41 84
37 99
17 54
36 31
80 54
10 39
57 30
61 7
34 43
2 37
36 19
42 43
41 64
77 25
85 6
47 20
3 26
74 13
31 30
10 59
3 54
73 65
19 41
68 55
60 10
64 28
58 99
30 42
5 77
62 75
69 1
89 66
31 65
18 56
10 91
87 96
98 55
16 23
51 87
86 8
85 82
17 56
24 79
98 59
81 86
50 49
79 34
71 55
51 88
78 67
10 75
47 61
35 79
46 52
0 70
98 98
83 19
21 99
32 4
55 22
27 5
76 5
38 86
46 86
12 74
50 14
52 97
66 52
32 29
50 27
73 99
12 95
16 14
51 43
86 26
48 91
42 24
34 92
54 71
3 87
66 19
80 39
33 48
76 19
74 26
28 25
19 77
82 31
37 23
21 37
15 26
89 69
63 92
67 62
76 27
25 17
12 65
44 41
56 63
84 38
60 87
61 47
23 42
39 11
78 1
69 99
97 46
66 29
74 23
62 15
17 87
33 96
17 77
36 39
5 86
43 31
72 71
44 95
12 84
72 90
51 41
89 47
87 20
77 27
9 38
42 26
91 75
17 24
12 89
10 22
86 82
93 30
43 4
61 30
78 75
35 20
1 44
58 9
37 14
85 59
88 68
83 66
57 59
7 80
38 50
51 17
30 11
48 52
93 92
93 27
11 94
71 69
2 74
49 53
21 82
6 56
35 91
63 21
78 55
12 70
48 90
29 86
24 98
59 73
51 58
8 38
82 11
99 33
25 33
90 54
52 64
13 81
51 91
36 30
26 50
19 55
35 44
53 61
83 70
18 58
0 21
34 99
20 25
98 10
80 49
40 93
30 91
50 32
20 76
82 6
98 84
50 16
44 32
56 25
46 51
54 66
77 52
76 22
0 82
14 30
73 64
99 3
60 14
19 70
13 71
98 69
96 14
25 41
31 45
6 74
96 64
60 69
6 89
28 12
99 26
82 24
7 0
94 87
37 91
55 32
71 46
39 68
58 12
42 54
27 3
84 57
46 44
93 53
32 20
31 97
20 86
80 13
72 17
70 94
49 40
7 63
67 15
86 67
16 31
10 8
50 8
28 82
4 7
93 40
3 65
57 73
24 73
12 29
27 87
1 76
53 53
44 34
27 72
82 99
45 42
89 38
83 93
69 5
65 93
44 44
30 80
97 98
51 30
85 1
15 28
35 42
66 17
6 11
59 96
15 7
54 84
13 18
42 57
28 29
95 24
22 97
6 39
26 91
40 41
50 84
61 84
17 76
91 71
25 3
56 33
27 84
63 88
44 97
34 50
35 27
6 75
68 24
15 84
75 40
40 1
23 23
78 13
95 69
84 50
2 10
100 31
98 74
69 7
70 69
58 71
45 30
55 27
13 96
67 53
97 90
43 40
69 37
76 52
53 78
28 52
75 92
26 9
78 23
33 40
53 44
70 74
71 83
69 3
2 32
93 45
82 13
80 34
52 31
66 78
40 31
6 85
54 39
24 7
83 94
76 16
23 44
14 83
89 52
36 89
97 89
20 29
60 38
10 81
43 34
54 26
27 0
83 35
84 69
15 60
71 47
83 7
62 55
48 68
99 58
14 7
93 68
100 86
68 11
21 51
13 97
36 28
23 6
75 5
13 10
84 75
31 92
1 79
25 66
3 39
73 62
73 73
47 40
50 35
57 63
36 71
26 38
44 6
83 3
65 13
61 66
59 52
31 28
57 4
90 29
43 2
36 93
37 93
29 48
77 61
67 83
45 49
52 9
28 80
42 87
31 73
81 89
77 70
17 86
73 19
12 0
14 58
68 43
92 90
83 43
66 11
89 74
64 20
46 45
81 58
75 53
78 19
29 56
86 10
63 100
8 13
31 100
69 81
9 34
92 64
7 21
84 20
32 24
9 13
83 50
70 27
82 55
37 44
21 5
41 29
18 73
96 87
53 71
88 10
34 61
98 85
8 56
9 57
6 7
83 76
30 72
8 17
77 15
13 61
88 75
48 6
45 1
83 45
62 47
61 71
25 44
46 60
7 43
32 82
26 75
98 39
36 51
13 50
51 73
36 12
21 62
35 87
57 72
73 70
98 46
79 29
95 4
71 92
8 90
14 73
5 50
81 73
19 83
59 65
11 82
2 50
62 62
96 56
33 66
38 22
20 12
28 50
58 47
32 35
95 35
51 79
1 12
40 97
82 33
36 81
60 57
59 58
14 88
7 97
63 29
30 87
42 63
88 37
64 38
50 21
27 85
61 56
100 8
56 35
55 15
58 14
68 81
76 66
83 85
95 70
55 23
90 82
75 16
25 60
75 80
75 100
72 27
60 73
23 36
4 5
87 99
75 74
22 48
76 77
48 96
52 39
55 26
85 96
25 45
75 63
38 35
2 62
71 6
33 23
72 75
97 94
22 38
37 26
69 28
38 83
23 56
21 44
49 6
5 40
17 80
3 55
14 5
83 51
78 16
74 49
91 70
5 43
40 9
25 29
66 13
73 81
20 36
95 40
55 39
56 96
88 12
57 5
8 62
48 48
38 39
43 70
52 15
50 71
25 70
60 30
53 20
36 74
35 47
70 67
9 26
72 18
55 19
32 59
58 76
28 10
57 78
47 83
98 73
16 16
94 18
90 52
76 25
65 11
58 75
37 29
14 91
16 72
66 10
88 62
48 69
74 64
85 33
82 40
86 23
31 50
34 89
91 37
84 83
40 78
36 5
89 50
61 42
11 32
9 59
67 50
89 17
83 36
51 93
10 41
30 60
58 30
1 23
61 41
91 35
11 40
71 1
74 97
23 24
89 100
66 85
59 56
42 83
86 78
67 52
39 77
6 18
71 63
19 48
2 91
16 77
67 41
4 99
54 34
79 5
78 87
59 11
76 43
50 82
62 87
45 47
1 13
37 17
56 90
22 23
31 26
21 23
21 42
23 100
47 68
87 72
79 91
46 54
34 62
36 62
15 47
8 16
26 46
33 83
1 55
5 32
47 93
21 68
34 11
68 48
79 20
19 57
10 31
10 44
94 12
5 8
25 81
93 23
0 94
78 72
26 24
64 13
91 25
12 69
63 2
81 38
97 73
18 87
91 10
62 96
43 25
76 0
26 1
35 37
100 26
59 28
95 92
50 42
29 12
14 47
99 4
23 7
95 93
26 22
13 30
96 61
71 97
99 36
90 23
64 50
14 80
92 43
92 5
76 45
63 36
38 89
58 93
22 93
47 84
48 36
7 78
86 88
58 44
31 49
15 53
5 92
99 34
27 2
23 52
95 12
23 83
4 30
66 91
74 55
100 0
35 57
10 66
72 25
85 43
16 49
78 10
51 67
79 51
81 60
40 88
72 13
9 53
61 8
19 96
65 29
54 11
27 23
90 75
90 68
17 38
42 23
37 34
33 64
8 52
81 52
42 0
32 48
72 16
52 14
39 78
95 76
78 94
5 87
25 92
58 78
87 62
33 29
78 33
94 1
22 26
49 95
42 68
45 69
28 28
75 73
30 6
100 88
84 53
83 42
61 72
34 76
32 76
43 6
22 54
41 11
43 69
6 84
7 31
50 3
37 16
91 88
35 73
32 19
91 59
91 24
34 22
98 35
66 40
70 72
24 77
2 40
46 6
22 37
76 97
32 73
61 53
9 22
7 7
23 40
13 94
11 37
44 83
53 32
86 12
90 61
75 62
34 56
24 66
28 11
98 56
31 7
78 38
81 0
60 56
2 41
45 55
73 30
33 28
63 81
89 58
92 86
13 22
59 57
27 39
57 71
33 84
71 24
15 9
4 43
21 60
100 51
8 99
87 32
71 67
51 70
50 9
100 29
71 36
19 52
33 16
48 54
76 47
4 83
0 12
81 40
100 33
13 8
77 30
79 26
39 44
22 76
81 41
13 27
8 61
47 50
75 18
32 75
97 79
14 97
12 52
5 25
27 48
21 72
2 96
3 63
88 16
44 2
20 44
59 17
23 74
80 1
92 51
93 18
100 13
90 74
39 5
70 7
67 39
36 55
56 92
16 100
95 28
84 81
73 42
82 43
63 74
95 21
92 60
0 48
100 39
19 35
13 86
6 29
7 23
95 1
17 78
17 1
55 46
41 15
75 67
47 74
73 66
8 86
17 49
0 24
78 7
13 73
75 30
16 90
87 2
1 3
4 22
50 45
44 79
16 57
19 89
40 6
42 6
81 9
5 41
10 92
34 78
25 38
16 76
93 35
77 84
57 57
59 82
78 64
23 55
22 33
66 84
47 66
3 20
7 20
63 67
21 93
48 16
29 1
54 5
51 10
28 9
59 72
39 48
26 61
81 59
10 27
24 71
65 95
58 73
5 1
79 53
85 74
20 38
48 73
12 73
11 51
20 37
79 0
62 89
27 53
26 59
31 27
36 2
95 81
21 79
55 41
39 56
3 50
6 91
91 15
68 32
48 40
7 84
30 63
47 85
70 29
85 13
60 90
20 92
93 77
61 6
97 70
87 10
94 17
28 23
46 75
75 15
70 25
95 30
14 29
26 53
71 12
10 29
94 50
56 56
86 43
66 96
2 25
79 30
14 25
71 89
6 41
37 94
97 63
12 67
62 63
39 21
79 95
43 65
37 75
26 6
66 4
96 7
35 2
70 51
41 32
66 54
9 27
83 48
93 46
100 85
52 65
11 17
27 13
92 35
55 18
91 30
78 27
51 60
99 16
38 33
38 99
54 97
0 7
33 55
25 24
86 37
30 31
82 48
57 80
64 33
45 34
40 66
30 40
61 64
54 12
68 84
42 98
70 99
53 100
11 60
98 23
95 37
55 91
20 3
57 40
16 24
89 3
47 100
82 61
42 45
16 53
5 80
42 66
56 59
90 77
37 6
76 82
58 83
65 99
58 46
25 100
91 8
19 62
88 27
27 71
91 84
96 80
93 8
69 97
81 3
39 16
62 35
29 18
81 98
41 7
34 98
57 29
54 36
58 89
59 87
61 10
26 7
9 58
72 85
38 18
82 79
26 15
43 83
11 87
32 31
60 44
40 21
54 37
87 46
100 87
39 38
71 77
56 53
34 65
31 11
17 29
42 5
93 10
38 32
36 85
4 47
66 71
100 72
75 70
89 2
45 90
33 76
0 50
71 9
22 21
31 41
13 29
80 4
62 11
41 27
49 15
11 86
32 56
98 41
50 70
55 53
85 87
82 94
79 61
38 4
33 88
86 96
81 15
19 21
47 17
63 96
51 12
65 6
66 15
45 40
19 90
67 84
96 4
88 95
58 74
37 37
57 56
59 3
39 88
65 91
100 97
63 31
11 21
27 77
46 94
69 22
63 90
63 86
46 88
75 20
41 40
16 3
72 28
91 28
37 7
10 73
96 97
98 24
10 99
13 66
49 54
97 84
0 98
42 44
27 46
51 3
18 12
0 15
17 21
76 64
55 70
1 95
65 27
74 31
24 82
41 18
27 58
70 88
27 73
6 35
85 90
93 43
91 34
51 21
28 91
70 100
10 54
45 3
26 18
38 11
7 61
40 96
24 32
5 58
4 0
62 40
66 46
98 43
46 93
27 51
70 34
78 9
97 1
41 1
63 84
68 46
35 97
80 63
22 43
5 89
52 18
82 45
46 46
27 42
13 34
9 39
22 98
85 57
95 32
63 58
8 8
51 59
86 70
77 67
14 11
68 70
78 77
8 7
72 66
20 32
64 83
90 39
57 42
43 43
55 24
50 10
49 85
47 26
61 21
0 42
18 72
70 38
53 59
77 9
83 68
33 93
83 31
59 32
16 54
0 44
52 26
38 26
30 7
32 6
32 17
99 9
72 81
40 30
80 47
4 96
1 4
4 58
50 65
15 80
13 47
45 70
43 78
53 42
53 24
89 93
39 92
15 66
59 50
74 8
54 60
90 28
18 36
34 5
80 92
23 61
69 59
32 3
88 21
71 98
21 41
71 84
41 17
79 65
62 38
81 46
27 66
32 22
47 64
92 0
35 48
3 72
66 16
29 10
81 32
33 8
71 13
55 64
45 53
86 58
83 77
58 33
48 35
92 10
8 66
58 50
3 95
30 58
59 75
77 44
33 25
50 6
53 47
32 45
77 53
47 25
14 23
64 10
48 22
86 24
33 85
50 20
41 75
81 92
36 26
18 79
80 66
3 24
30 23
27 10
13 92
80 73
23 67
99 30
41 3
88 88
95 57
84 85
16 45
53 12
34 81
22 47
38 9
74 17
82 25
63 71
58 61
1 66
64 89
19 24
87 95
6 77
64 40
54 27
62 27
47 77
34 48
8 64
2 27
55 13
12 41
75 14
69 98
66 41
14 1
90 76
28 0
51 13
73 98
56 73
3 13
91 58
27 70
99 1
84 34
65 16
11 22
68 92
67 18
91 85
98 63
48 53
16 5
39 73
63 66
42 27
61 99
8 2
70 86
24 3
78 14
99 17
61 96
47 9
48 49
20 74
2 49
70 3
70 78
5 39
29 29
9 36
84 7
2 33
19 16
46 68
95 15
16 67
72 62
47 34
62 90
7 37
93 91
45 12
45 20
30 59
40 42
26 34
23 8
66 39
43 94
81 14
84 22
91 42
12 35
14 65
99 44
87 15
73 9
90 40
92 55
45 0
14 92
15 40
85 30
59 34
52 49
50 96
12 61
97 51
37 86
57 95
7 1
93 76
27 78
72 87
11 90
35 88
86 52
68 57
91 80
85 88
30 21
73 88
55 42
92 56
81 2
46 16
56 31
73 37
4 57
24 1
55 25
9 9
23 18
40 52
84 86
84 68
77 41
84 23
67 23
27 37
80 17
4 24
15 91
35 15
67 24
39 74
91 89
25 91
60 75
16 8
26 83
31 53
49 83
7 50
99 41
75 98
79 80
37 35
68 29
26 27
3 51
30 19
59 23
68 79
78 35
84 70
43 48
10 84
46 56
63 49
57 97
78 49
82 51
30 99
50 93
57 100
62 66
49 60
61 78
74 53
33 30
0 99
16 33
23 25
0 71
42 55
86 72
19 1
1 93
42 49
98 58
8 58
35 83
75 9
39 1
6 21
35 96
46 1
67 88
57 18
26 42
85 21
14 27
36 11
85 10
69 86
84 100
20 30
52 32
32 85
87 55
2 12
63 22
9 15
26 92
77 81
38 38
75 21
37 70
44 24
22 65
46 8
86 14
87 48
96 12
24 28
94 11
56 71
92 94
1 69
87 24
33 99
99 18
12 86
32 15
6 28
28 8
97 18
29 59
27 88
52 1
53 33
12 55
24 81
90 10
71 22
48 3
86 44
31 13
13 93
72 37
14 9
50 89
78 22
76 99
61 79
91 60
90 90
95 41
33 22
54 30
35 67
18 64
79 99
73 95
53 17
16 29
15 44
74 5
3 48
63 59
0 36
29 45
42 74
43 15
34 97
99 51
92 13
95 65
85 64
79 48
18 16
97 62
63 23
40 92
69 49
32 78
30 66
74 28
62 92
7 41
5 97
23 77
59 61
89 54
78 96
12 12
91 40
68 59
30 4
71 19
47 22
5 70
100 17
49 69
27 30
57 96
20 55
70 16
59 7
96 29
77 45
13 2
49 18
73 48
94 72
64 62
65 55
62 30
96 23
34 39
23 13
97 25
68 19
86 27
90 44
39 82
54 57
60 86
11 54
85 37
29 9
48 17
12 72
30 8
63 65
95 48
30 81
96 69
28 15
92 54
8 76
75 93
13 3
67 16
72 79
88 2
33 47
64 24
65 60
95 66
75 87
20 42
22 28
17 97
87 97
67 54
36 23
92 30
5 24
44 70
15 8
96 53
34 91
16 65
32 0
39 14
93 75
38 36
33 70
20 77
5 35
51 68
88 85
58 5
59 0
10 42
94 4
19 43
39 23
80 70
52 12
40 72
55 11
79 60
56 2
69 42
22 66
50 64
91 9
69 41
84 47
77 29
16 95
41 22
33 62
0 5
66 89
48 98
83 21
56 39
31 91
44 63
93 0
81 100
22 13
34 51
84 82
44 12
74 66
51 71
22 30
60 93
18 18
59 100
17 82
79 45
36 98
40 70
17 62
42 82
14 52
94 55
85 11
92 6
41 67
39 67
26 57
85 85
22 69
32 1
13 35
65 19
4 13
8 22
70 56
69 29
40 68
25 48
1 30
14 94
44 76
0 43
43 13
78 8
100 48
88 7
70 28
24 5
84 59
35 26
78 41
95 2
89 62
55 87
35 65
28 35
7 72
14 85
80 80
33 67
54 69
41 45
2 76
71 80
93 81
41 13
33 42
45 62
43 52
33 57
3 79
3 2
45 57
37 5
0 78
48 2
74 44
77 14
57 76
22 1
37 65
20 70
88 23
92 59
47 28
6 81
49 25
27 19
93 67
63 35
10 69
54 14
11 20
23 59
48 20
5 54
68 21
84 73
40 49
77 87
1 54
61 17
76 90
82 54
9 72
12 57
92 84
11 59
71 57
61 55
96 47
55 30
98 11
78 40
0 60
94 9
98 72
21 43
48 93
66 75
96 16
83 16
46 76
59 63
36 57
97 40
40 90
15 37
92 48
91 5
40 23
80 87
17 34
97 12
50 79
29 63
21 88
25 57
44 66
96 21
80 89
69 38
37 25
43 77
14 90
44 39
37 39
9 64
96 72
79 97
11 70
23 0
39 99
38 41
23 30
56 43
22 51
14 40
59 74
92 37
37 69
25 77
46 50
49 8
38 87
65 50
38 73
12 27
96 92
25 22
61 37
38 63
39 86
0 41
28 97
3 66
69 4
31 96
87 88
82 47
92 87
77 68
39 13
0 32
40 60
13 87
48 44
71 35
99 52
38 91
22 36
31 89
34 29
93 74
55 93
49 12
100 75
19 10
48 84
28 63
53 96
77 90
1 65
25 99
19 26
61 63
44 60
3 84
73 89
60 88
72 54
50 44
53 69
60 50
56 76
54 0
34 58
12 9
60 85
63 9
95 16
75 72
71 26
64 27
74 20
4 48
9 66
30 54
66 8
57 6
53 62
34 8
24 65
35 92
92 57
98 82
4 6
26 79
52 88
58 4
50 97
4 27
18 63
67 69
1 75
29 75
19 76
14 3
38 48
46 24
53 19
87 82
56 97
13 99
19 46
21 16
61 28
22 55
36 8
30 16
59 84
8 11
65 64
91 61
43 85
94 34
14 54
28 3
8 30
78 5
46 55
40 76
76 23
68 45
41 24
1 15
71 95
48 43
20 22
61 98
98 86
84 39
76 67
88 9
81 34
68 42
24 89
64 64
61 18
94 36
45 97
42 78
28 74
0 97
71 18
12 98
84 96
88 31
17 65
36 38
22 24
93 4
70 59
0 87
5 95
0 34
42 32
64 52
55 66
56 17
82 78
7 40
99 14
76 87
75 42
96 65
7 94
5 18
80 20
26 86
59 68
90 15
47 53
70 55
49 72
3 61
11 76
79 58
96 6
2 29
64 95
15 22
28 53
56 38
78 91
76 34
6 90
10 100
18 59
72 58
71 74
88 35
34 69
23 63
88 79
36 9
84 1
33 20
90 19
35 52
84 6
47 30
55 81
65 79
9 18
50 59
91 50
18 23
8 72
78 2
32 67
11 47
90 31
60 41
79 94
57 45
44 47
96 28
37 32
3 47
97 15
38 95
48 76
57 26
22 71
27 79
68 53
19 47
46 77
90 53
18 26
38 20
80 27
28 68
64 55
46 32
45 54
10 98
22 95
91 73
81 95
1 94
37 90
98 7
92 77
34 20
44 98
96 49
22 6
70 97
9 80
60 31
74 50
81 78
67 86
24 25
28 58
11 39
21 52
96 84
46 99
1 63
87 79
98 97
57 65
46 47
1 92
45 84
39 18
17 100
2 94
49 41
36 17
80 90
15 14
63 12
77 22
33 78
61 90
37 4
47 43
3 23
29 81
24 91
72 52
33 90
17 60
44 73
39 66
11 26
90 88
45 6
30 74
95 7
1 86
65 39
37 98
28 20
41 61
26 8
62 99
51 6
4 29
55 0
2 15
0 73
9 3
36 37
10 40
67 14
64 59
41 51
88 78
60 80
26 26
18 35
79 83
94 28
0 27
33 26
18 37
71 72
22 53
67 7
88 97
61 60
16 6
8 77
3 43
6 37
15 20
37 100
71 38
50 98
45 39
46 4
64 58
79 38
34 80
12 37
89 51
92 95
88 73
99 8
73 87
65 31
94 6
64 49
62 98
95 75
0 83
92 58
31 57
36 69
44 69
14 16
55 34
89 22
51 51
86 11
92 52
95 49
95 29
42 21
43 59
77 60
76 62
13 65
15 90
2 75
96 63
71 37
84 66
22 73
76 56
49 86
95 46
67 36
5 99
31 86
75 99
61 57
74 10
23 62
49 65
9 44
30 92
39 17
66 26
54 93
2 38
55 51
18 24
0 76
60 20
15 56
12 53
21 89
39 87
81 93
46 30
86 48
34 40
66 37
23 64
4 53
25 9
39 3
63 89
77 64
36 58
54 7
97 88
13 62
17 28
96 9
79 33
90 55
33 43
97 42
57 54
67 65
35 90
77 69
35 61
63 97
98 48
18 82
17 51
67 6
15 0
66 76
65 24
35 66
85 65
62 20
31 59
35 98
43 50
43 3
28 17
20 61
93 63
94 51
9 99
88 20
49 87
100 4
21 77
44 15
43 76
28 18
40 15
5 23
97 97
76 85
89 77
72 0
14 81
66 82
90 71
4 71
91 81
28 60
51 38
89 80
76 31
10 20
86 49
21 66
40 61
11 29
66 88
28 94
98 42
47 75
23 12
50 33
82 86
15 73
4 26
68 2
74 34
90 2
48 92
59 10
44 5
85 67
84 0
1 14
68 34
75 41
64 48
16 68
90 30
25 67
82 50
77 92
4 20
30 62
90 43
9 54
57 84
70 9
96 18
60 72
9 81
65 34
86 93
24 38
24 85
53 11
33 0
18 99
66 94
79 98
90 84
34 44
78 58
95 100
50 48
78 17
77 8
13 5
74 90
22 5
50 67
2 43
98 93
27 98
2 71
56 98
42 1
14 75
59 80
39 62
23 2
54 16
100 22
87 21
19 23
37 49
61 14
95 86
75 54
65 80
70 48
69 43
77 91
16 36
78 92
77 80
58 8
62 7
40 32
55 56
85 45
84 61
1 59
50 17
77 88
36 1
96 96
69 47
10 76
11 83
77 96
94 26
92 65
22 62
63 16
40 54
37 88
39 72
96 91
44 8
75 71
83 14
75 0
23 11
8 26
87 19
0 58
33 98
11 89
56 94
59 43
13 48
71 76
74 45
64 69
40 74
28 54
99 77
94 23
87 73
72 74
86 86
27 36
2 68
100 9
8 94
29 33
32 38
20 0
11 92
74 18
24 68
2 51
86 69
63 76
58 27
83 11
56 34
81 68
94 43
70 22
16 66
73 10
53 75
44 25
17 3
25 59
23 87
93 72
64 14
5 44
50 23
13 39
39 24
30 84
49 14
53 40
73 97
47 62
49 39
23 1
4 77
93 54
100 5
60 83
38 40
20 34
90 35
41 20
94 83
33 6
12 99
11 72
81 12
18 8
56 67
51 98
53 56
92 38
66 72
29 65
45 76
60 53
62 56
53 98
65 42
50 15
51 7
53 83
80 48
13 23
22 42
45 67
32 46
55 60
2 65
4 21
28 4
26 94
47 42
75 64
15 27
41 60
85 29
97 86
29 74
78 43
2 55
11 77
19 94
70 32
92 4
6 60
0 2
12 75
48 65
91 48
52 66
13 60
35 82
15 13
6 94
37 56
31 43
11 95
72 88
19 25
34 6
96 86
72 76
20 48
93 93
18 78
47 49
46 64
49 4
43 10
56 15
52 67
89 9
57 52
67 64
9 51
67 61
25 74
97 43
98 33
80 12
37 22
89 59
3 41
26 58
16 86
32 39
34 49
38 85
27 29
23 17
100 61
86 9
96 11
33 11
97 52
11 79
97 55
62 88
45 33
75 68
16 41
97 91
24 30
62 51
87 58
37 64
97 6
85 24
23 68
64 39
75 24
61 70
71 23
26 96
53 27
44 35
77 42
39 40
48 24
64 7
52 44
43 79
39 96
5 88
77 50
22 15
29 55
86 42
84 72
96 24
20 88
11 42
31 54
58 53
74 92
25 36
12 39
10 96
77 5
20 98
60 26
91 67
18 95
83 55
38 94
14 21
41 100
98 95
68 77
33 79
38 77
74 43
76 35
25 58
91 29
18 54
98 32
75 85
46 21
14 10
15 83
20 100
34 52
10 78
29 50
67 75
72 82
30 3
95 59
23 53
8 85
2 69
6 76
98 29
42 48
83 72
55 99
47 29
3 52
97 69
35 69
11 62
10 38
85 68
29 80
29 72
59 4
66 80
74 79
70 36
13 4
33 14
63 17
99 45
51 32
12 94
28 87
65 82
53 7
2 86
69 35
93 33
26 71
38 100
4 10
8 75
6 62
73 41
64 65
17 64
53 88
74 27
14 18
16 20
21 10
32 87
82 15
16 34
26 76
58 60
55 3
2 78
87 18
98 67
74 94
37 95
3 35
48 86
19 54
20 47
9 12
22 49
9 94
63 75
59 71
64 18
60 33
18 71
3 4
24 90
1 40
14 36
19 93
7 59
63 56
57 93
56 77
81 20
86 17
38 0
53 23
82 76
6 82
40 98
2 63
56 42
46 48
25 65
70 37
60 7
98 94
69 33
26 36
33 82
23 41
10 15
84 74
18 43
8 45
45 88
0 59
79 70
57 31
80 69
33 92
73 90
83 47
65 68
27 55
45 63
27 45
15 3
59 46
50 76
46 90
50 46
1 99
66 92
30 25
6 80
94 57
21 6
74 22
34 7
75 84
54 28
26 55
49 37
59 12
10 19
35 31
25 13
71 15
71 44
51 45
69 70
55 63
24 26
4 70
68 5
19 72
82 10
55 47
70 95
94 61
60 5
42 56
58 32
48 18
54 15
24 55
40 43
92 93
5 75
6 100
35 33
95 79
39 15
25 71
77 17
49 82
22 2
19 58
1 91
60 96
69 85
80 46
57 83
3 14
39 8
87 12
10 30
89 24
68 68
50 39
4 89
47 0
88 74
22 100
31 68
100 57
67 57
84 21
6 72
40 81
31 90
19 2
79 32
32 89
7 10
50 75
95 82
42 94
4 75
26 74
55 61
22 40
16 4
81 72
78 54
71 58
43 97
31 72
29 52
59 95
55 48
16 40
44 28
18 22
48 23
43 41
83 56
15 41
51 99
4 76
87 86
25 30
63 43
18 11
29 88
98 34
42 58
78 46
33 7
85 20
93 70
55 17
66 18
34 67
12 63
41 97
10 18
8 10
26 93
69 95
69 62
45 64
20 83
80 21
36 61
44 57
81 85
53 57
12 15
47 81
46 29
16 19
0 75
31 38
95 50
96 30
24 4
51 53
18 60
69 93
4 67
98 65
16 93
96 60
20 99
34 60
28 89
69 16
10 60
18 27
11 15
58 95
70 96
70 63
14 70
22 8
58 57
24 83
86 0
46 27
48 11
13 91
61 49
54 41
50 43
100 74
27 27
9 2
65 26
49 79
37 28
44 55
5 29
98 21
72 63
47 36
65 73
2 67
66 6
71 4
33 19
1 96
68 15
79 16
88 70
27 38
91 72
41 80
41 96
75 76
10 65
9 55
47 97
24 40
1 48
36 72
76 40
5 56
76 3
100 16
50 68
58 91
29 99
66 5
60 77
38 51
90 13
87 28
10 87
19 69
67 76
53 97
17 12
73 55
7 71
23 80
98 26
65 8
79 50
97 16
38 13
35 58
99 13
17 58
84 4
54 99
40 12
21 94
51 19
58 86
100 50
75 25
99 24
53 49
52 69
66 58
47 99
2 5
93 24
43 86
45 68
43 45
54 17
70 18
41 66
28 81
13 76
81 37
31 58
83 69
51 42
5 94
9 84
88 81
15 49
13 26
64 71
87 3
77 43
52 43
90 81
18 55
41 99
82 72
9 31
88 96
0 88
30 39
48 83
36 49
36 88
92 73
60 48
39 37
55 80
35 36
47 27
57 0
63 26
76 95
25 78
31 69
7 70
5 62
16 7
64 34
33 77
27 57
77 82
81 30
66 9
86 99
61 92
26 47
75 43
81 70
87 84
7 68
45 82
39 30
66 33
21 9
3 1
24 63
37 11
46 19
88 94
56 7
24 22
41 71
64 1
1 51
95 11
49 35
12 19
49 76
1 39
51 26
68 66
78 80
51 27
21 70
21 36
42 40
42 22
11 19
62 17
63 44
13 54
19 91
98 5
86 30
21 7
30 36
7 67
30 18
97 38
54 59
82 53
42 61
18 15
14 41
43 44
77 73
18 74
10 14
39 25
86 56
41 70
71 62
80 35
30 2
15 54
9 76
37 47
37 55
15 2
19 17
37 78
62 83
57 8
15 30
61 86
18 76
94 32
68 64
3 83
32 23
0 61
85 79
78 68
15 38
19 100
80 91
53 90
52 27
29 73
3 99
4 85
85 83
14 37
38 52
85 40
16 64
9 11
5 19
14 8
45 43
28 37
38 12
15 23
70 66
29 38
64 43
31 35
36 87
95 73
86 5
22 75
10 37
6 27
36 0
22 7
0 11
25 15
90 94
57 70
51 64
63 15
65 100
82 18
0 86
65 89
100 25
45 27
41 63
44 88
35 93
5 36
35 59
31 5
30 43
32 37
73 15
54 6
89 0
92 2
27 68
98 57
94 15
98 92
41 4
38 17
69 89
95 31
21 50
79 89
49 45
83 60
48 15
7 35
66 68
83 62
5 93
8 88
72 4
20 73
80 51
1 97
80 50
25 63
30 34
94 35
26 68
56 80
2 35
31 70
86 89
6 15
17 15
67 73
92 29
70 81
96 76
57 34
20 17
43 27
60 6
4 45
62 77
61 85
76 44
20 95
70 77
98 91
84 19
64 41
92 72
0 57
81 83
56 69
69 55
36 95
80 40
0 38
8 0
96 55
45 24
25 68
70 49
23 31
34 2
11 85
77 11
22 85
79 84
5 28
61 61
90 97
81 31
17 59
36 70
44 81
8 80
45 75
85 32
89 18
77 36
79 3
97 35
67 5
86 4
24 21
75 34
51 92
93 39
9 35
55 72
42 35
21 47
34 33
46 0
89 63
82 9
53 87
47 8
43 90
79 71
44 67
84 2
28 39
86 29
18 68
54 86
40 55
34 19
52 75
12 97
53 10
43 36
23 29
65 7
61 62
47 2
77 51
61 35
31 80
22 0
22 87
74 85
23 19
67 10
76 28
89 85
56 27
49 33
44 9
34 75
90 45
31 93
32 53
59 54
6 32
39 94
28 2
47 78
87 35
81 13
15 11
5 47
62 72
76 71
14 86
99 6
49 3
82 81
77 12
83 81
32 32
41 62
84 65
61 82
32 52
65 81
99 82
38 71
47 11
14 89
95 14
67 26
79 12
63 83
95 45
30 33
22 34
93 17
19 20
83 20
46 62
51 4
32 84
43 54
71 28
47 46
13 58
26 65
62 84
82 71
31 32
17 45
39 76
21 86
37 45
24 51
21 57
5 38
12 96
92 85
48 80
70 57
94 86
95 23
27 59
83 100
56 89
7 11
93 86
63 40
50 24
22 83
5 15
38 90
60 54
8 67
64 60
63 77
82 26
67 31
17 14
63 99
31 25
60 29
45 19
53 14
28 16
74 82
65 2
62 46
43 11
1 38
63 69
94 7
54 42
57 22
82 34
97 9
46 58
4 90
69 80
90 26
61 50
93 19
88 15
41 43
11 11
3 94
47 59
19 22
71 11
44 38
14 60
1 84
17 25
22 64
35 95
43 99
96 71
85 14
92 61
50 88
0 17
8 68
14 59
75 49
53 84
13 14
54 98
19 86
39 35
71 10
37 85
89 45
#end of instance
#Edges of the MST by Prim's algorithm: 4999
0 4116 1
4116 2123 1
0 2581 1
2581 1043 1
2581 1603 1
1603 504 1
504 2153 1
2153 188 1
188 2789 1
2789 3159 1
3159 372 1
372 3162 1
3162 2744 1
2744 2235 1
2744 2280 1
2280 1245 1
1245 4728 1
2280 1206 1
1245 2745 1
2745 4025 1
4025 4416 1
4416 2791 1
4416 4316 1
4316 4082 1
4316 3460 1
4082 2769 1
4082 514 1
514 439 1
439 337 1
337 3487 1
3487 3574 1
337 2646 1
2646 2537 1
2537 3302 1
3302 3658 1
3658 461 1
2646 33 1
3658 2611 1
2646 1011 1
1011 1030 1
1030 4362 1
3302 2060 1
2060 459 1
459 1335 1
2235 182 1
3159 2411 1
2411 3064 1
2411 2035 1
2035 2278 1
2278 1670 1
2035 2825 1
2825 265 1
3064 1211 1
1211 3678 1
3678 2563 1
2563 2481 1
3678 1773 1
1773 770 1
1773 3785 1
1030 2345 2
2345 3786 2
3786 3022 2
3022 1751 1
1751 631 1
1751 2695 1
2695 7 1
2695 3911 1
3911 2215 1
2215 181 1
3022 859 1
859 4272 1
181 1841 2
1841 3818 1
3818 1589 1
1589 1192 1
1192 2242 1
1192 3865 1
3865 1833 1
1833 3670 1
3670 1118 1
3670 2261 1
2261 225 1
225 3714 1
225 444 1
3714 18 1
18 2679 1
1841 2336 1
1192 2583 1
2583 2387 1
2583 315 1
315 4739 1
4739 2830 1
4739 1209 1
2261 3049 2
3049 4833 1
4833 2889 1
2889 852 1
852 4468 2
4468 63 1
63 3424 1
4468 4894 1
3424 4010 2
4010 2602 1
2602 4041 1
4041 1648 1
1648 3938 1
4041 1522 1
3938 1602 1
1602 1008 1
1008 2702 1
1008 3093 1
3093 1266 1
3093 4550 1
4550 3916 1
3916 4342 1
4342 3320 1
4550 4419 1
4419 2496 1
2496 2032 1
4419 3538 1
4342 1960 1
1960 4092 1
3320 4951 1
4951 2218 1
2218 2022 1
2218 1051 1
1051 3209 1
3209 2835 1
2835 3890 1
3890 4846 1
2835 2516 1
2516 2205 1
2205 3211 1
3211 156 1
156 2855 1
1051 2863 1
2863 2618 1
2863 469 1
2602 4747 1
4747 2407 1
2407 3160 1
3160 4341 1
4341 3141 1
3160 2616 1
3093 3479 2
3479 2026 1
1602 4536 2
4536 2675 2
2675 1955 1
1955 2817 1
1955 974 1
974 4006 1
4006 4936 1
974 1344 1
1344 2814 1
2814 4402 1
4402 4141 1
2814 3129 1
3129 1088 1
1088 4181 1
4181 891 1
891 4613 1
4613 509 1
891 1472 1
1472 813 1
1472 3323 1
4613 4950 1
4950 2910 1
4950 1316 1
2618 2410 2
2410 2727 1
2727 2305 1
2305 1697 1
1697 708 1
708 2807 1
708 4042 1
4042 3680 1
4042 724 1
724 4221 1
4221 3790 1
3790 4732 1
4732 2409 1
2409 655 1
1697 3392 1
2807 1998 1
1998 1901 1
724 1848 2
3680 4907 2
4907 2657 1
4907 70 1
70 21 1
2657 2248 1
2248 62 1
2248 4882 1
4882 4090 1
4882 3074 1
3074 3304 1
3074 475 1
3304 4851 1
21 3068 2
3068 1193 1
4936 841 2
841 1526 1
1526 4628 1
4628 4625 1
4628 1187 1
4625 600 1
4628 4683 1
4683 2742 1
4683 4137 1
4137 1280 1
1280 703 1
703 2760 1
2760 4273 1
4137 2849 1
2849 4318 1
2849 1801 1
4318 138 1
138 3088 1
3088 3340 1
1801 1982 1
1982 2958 1
2958 2726 1
2726 1966 1
1982 1763 1
1966 1516 1
1763 4862 1
2958 1650 1
1650 562 1
562 781 1
1516 757 1
2726 314 1
1526 821 1
821 1212 1
1212 980 1
1212 4584 1
4584 3313 1
3313 4200 1
4200 3580 1
4584 2729 1
2729 2811 1
4584 4467 1
4467 486 1
486 4438 1
4438 3779 1
4467 205 1
4467 4722 1
3779 1762 1
1762 409 1
3340 1676 2
1676 3735 2
3735 3992 1
3992 1959 1
3992 1741 1
1959 286 1
3992 4772 1
3735 2093 1
286 3562 2
3562 3228 1
3228 2014 1
2014 1788 1
1788 552 1
552 4011 1
552 1981 1
1981 1456 1
1456 3843 1
1456 4367 1
4367 4014 1
4014 1691 1
1691 3650 1
1691 2442 1
2442 605 1
2442 1828 1
1741 2954 2
2954 4295 1
4295 1463 1
1463 2558 1
1463 2071 1
2071 1194 1
2071 4340 2
4340 2797 1
4340 2739 1
2739 2931 2
1194 3990 2
2797 985 2
2014 2436 2
2436 2950 1
2950 4278 1
4278 3384 1
4278 2724 1
2724 910 1
910 1025 1
1025 3594 1
1025 2177 1
2177 90 1
90 2541 1
2541 1938 1
1938 783 1
2541 4305 1
4305 239 1
2950 4960 1
4960 4471 1
4960 2759 1
239 3965 2
783 2801 2
2801 2764 1
2764 1300 1
2764 3442 1
3442 4968 1
4968 4470 1
4470 1558 2
1558 1904 1
1904 4955 1
4955 212 1
212 983 1
983 4635 1
4635 4410 1
4410 4701 1
4701 4784 2
4784 2848 1
2848 4132 1
4132 1954 1
4132 3674 1
3674 919 1
3674 2915 1
2915 2257 1
2257 2859 1
2859 159 1
2915 2347 1
2859 2091 1
159 4040 1
2848 4935 1
4935 237 1
4935 2687 1
2915 3782 2
3782 216 2
216 4608 2
4608 1239 1
1239 244 1
244 4945 1
244 2441 1
2441 152 1
2441 10 1
10 3869 1
10 4284 1
4284 374 1
374 4223 1
374 2692 1
152 1190 1
1190 906 1
906 3264 1
3264 1994 1
1994 3275 1
3275 2446 1
3275 1881 1
1881 135 1
135 2458 1
3275 4910 1
4910 318 1
4910 2644 1
2644 1972 1
1972 1321 1
1321 4234 1
4234 3116 1
4234 1541 1
1541 313 1
313 4539 1
4539 4133 1
4539 742 1
4539 2042 1
2042 1470 1
3116 800 1
800 4860 1
4860 1551 1
1551 1580 1
1580 2498 1
135 3451 1
3264 2986 1
2986 1158 1
1580 3220 2
3220 2317 1
2317 402 1
402 3845 1
3845 743 1
402 2377 1
743 326 1
743 3564 2
3564 4175 1
4175 456 1
456 4815 1
456 2992 1
2992 1347 1
3564 4821 1
4821 1134 1
4821 3861 1
1347 2281 2
2281 3716 1
3716 957 1
957 1175 1
1175 4555 1
4555 2140 1
2140 2314 2
2314 2321 1
2314 2053 1
2314 4791 1
4791 1538 1
4791 100 1
100 3342 1
3342 3279 1
3279 2964 1
2964 4139 1
4139 4566 1
4566 2805 1
2805 3139 1
4566 4061 1
2805 4779 1
4779 2168 1
4779 2097 1
2964 683 1
683 4504 1
4504 913 1
2097 4602 1
4602 3543 1
3543 3870 1
3870 1750 1
4602 4174 1
4174 3305 1
3305 3968 1
1750 1001 1
1001 12 1
12 4230 1
4230 2353 1
2353 542 1
1175 4658 2
4658 1783 1
1783 3513 1
3513 4962 1
4962 1944 1
4962 611 1
611 1803 1
1803 2067 1
1783 1503 1
1503 3795 1
3795 4380 1
3795 2227 1
2227 1401 1
1401 1314 1
1944 1544 2
1544 2738 1
2738 585 1
1544 4807 1
4807 4597 1
4807 2790 1
1544 44 2
4380 2469 2
2469 1921 1
2042 3501 2
3501 1654 1
1654 3655 1
3655 296 1
3655 3081 1
3081 1774 1
1774 1244 1
3081 1409 2
1409 1867 1
1409 2125 1
2125 3547 1
3547 4431 1
3547 4270 1
4270 649 1
649 412 1
412 4718 1
4718 1057 1
649 4905 1
4905 3227 1
4905 1513 1
1513 4783 1
4783 1877 1
1877 4375 1
4375 2918 1
2918 2965 1
1877 4417 1
4417 3029 1
4417 392 1
4718 207 1
2965 1229 2
1229 77 2
77 905 1
905 798 1
798 4058 1
4058 2930 1
4058 4839 1
4839 4639 1
4639 1380 1
4839 561 1
561 3152 1
3152 1531 1
561 4515 1
4515 363 1
4515 1250 1
1250 2545 1
1250 501 1
501 2767 1
2767 1840 1
1840 3873 1
3873 3591 1
1840 4177 1
4177 2645 1
4177 2497 1
4177 4769 1
4769 3186 1
3186 1588 1
1588 867 1
1588 818 1
818 727 1
727 3696 1
727 3741 1
3741 2459 1
2459 4742 1
4742 2710 1
3741 2351 1
2459 4443 1
4443 3138 1
3138 3596 1
4443 304 1
4443 1153 1
3596 1058 1
2710 4672 1
77 187 1
187 42 1
42 4944 1
4944 2840 1
2840 1672 1
1672 874 1
874 1195 1
1195 494 1
3696 3946 2
4672 3494 2
3494 4760 1
4760 3518 1
4760 1940 1
1940 8 1
8 2523 1
8 936 1
936 24 1
24 4817 1
4817 2256 1
2256 4413 1
4413 4101 1
4101 4179 1
4413 2181 1
2181 1624 1
1624 2315 1
4101 1098 1
4760 2394 1
2394 768 1
768 4224 1
2394 2495 1
2495 2074 1
2074 2674 1
2074 4022 1
4022 1331 1
2315 1757 2
1757 2306 2
2306 211 1
211 1125 1
1125 2149 1
2149 4721 1
2149 1671 1
211 49 1
1671 4524 1
1671 4540 2
4540 2649 1
2649 2522 1
2522 72 1
72 3147 1
3147 4152 1
4152 352 1
352 3150 1
3147 4929 1
4929 1731 1
4929 574 1
574 2356 1
1731 164 1
2356 3368 1
4929 3973 1
3973 2132 1
2132 4546 1
4546 751 1
2132 713 1
751 1022 1
1022 2137 1
2137 2254 1
49 2829 2
2181 2162 2
2162 227 1
2162 1 2
2522 4481 2
4481 45 2
2356 900 2
751 1606 2
2495 3388 2
3388 4033 1
4033 199 1
199 4823 1
4823 1700 1
3388 2057 1
2057 376 1
2674 424 2
2057 17 2
17 3125 1
3125 2925 1
2925 2723 1
3125 2919 2
2767 4967 2
1250 559 2
559 3526 1
3526 121 2
121 855 1
121 3570 2
3570 4874 1
4874 437 1
437 895 1
895 2507 1
2507 3158 1
3570 1953 2
1531 2815 2
2815 2054 1
2815 3058 1
3058 381 1
3058 362 1
362 3311 1
362 4365 1
2815 4130 1
4365 3736 2
3736 1236 2
1236 3824 1
3824 2774 1
2774 3918 1
3918 1579 1
1579 3960 1
3960 4245 1
4245 328 1
4245 204 1
204 4814 1
4814 2066 1
4814 146 1
146 3577 1
328 4271 1
2066 779 2
779 1219 1
779 3550 1
3550 351 1
351 4514 1
3550 2440 1
2440 1150 1
1150 962 1
962 457 1
457 4903 1
4903 2342 1
2342 4969 1
4903 2454 1
2454 2040 1
2342 778 1
779 4970 1
4970 2335 1
4970 939 1
4970 2923 1
2454 4737 2
4737 2902 1
2902 4896 1
2902 3449 1
4896 935 1
935 2184 1
2184 4620 1
4620 4115 1
4115 3052 1
3052 3362 1
3449 3349 1
3349 224 1
224 1663 1
3349 4527 1
4527 3599 1
4527 535 1
535 2500 1
2500 2887 1
2887 3060 1
2500 4507 1
4507 3131 1
4507 60 1
4620 3054 1
3054 2129 1
3054 898 1
898 3344 1
898 2584 1
2584 764 1
764 2549 1
2129 480 1
2584 2799 1
2799 2143 1
2143 3217 1
3217 2543 1
2143 3072 1
3072 1161 1
1161 4094 1
4094 3512 1
3512 1889 1
3512 677 1
677 3274 1
1889 2453 1
2453 1869 1
1869 4114 1
1869 3738 1
3738 2273 1
4114 1496 1
2273 4363 1
4363 2016 1
3738 3251 1
3251 3032 1
3032 1130 1
1130 1065 1
1065 3991 1
3991 1623 1
1623 4334 1
4334 4831 1
4831 2388 1
2388 1152 1
2388 202 1
60 2343 2
2343 4530 1
4530 3541 1
3541 892 1
4527 3065 2
3065 3883 1
3065 1133 2
4115 3794 2
3794 4963 1
4963 721 2
721 4129 1
721 3622 1
4129 3557 1
3557 2483 1
2483 3672 1
3672 4959 1
4959 3725 1
3725 460 1
460 3205 1
3205 1922 1
1922 2624 1
2624 127 1
3205 3530 1
3530 4066 1
4066 2167 1
2167 3252 1
2167 3358 1
3358 873 1
3622 4638 2
4638 739 1
739 4881 1
739 2155 1
2155 1658 1
739 4018 1
4018 3826 1
4881 3722 2
3722 2747 1
2747 3979 1
3979 1958 1
1658 2869 2
1922 3280 2
3280 2364 1
2364 2228 1
2228 577 1
577 3231 1
3231 2785 1
2785 1275 1
1275 4734 1
4734 1017 1
1017 3862 1
3862 2591 1
2591 2528 1
2528 1349 1
2591 686 1
686 4733 1
2591 3174 1
3174 737 1
3174 717 1
737 4565 1
4565 2379 1
480 186 2
1150 3105 2
2143 1446 2
2273 3050 2
3050 4985 1
4985 2447 1
4985 978 1
4985 1059 1
1059 3956 1
3956 276 1
276 1782 1
1782 349 1
349 4239 1
1782 4875 1
4875 4028 1
4875 2917 1
2917 2614 1
4028 4102 1
4102 1688 1
1688 1208 1
4102 4898 1
1208 1185 1
1185 2886 1
2886 1753 1
1753 1085 1
1085 4884 1
4884 4801 1
2886 3306 1
3306 1898 1
2930 4813 2
4813 2052 1
2052 5 1
5 2870 1
3956 3350 2
1208 1091 2
1091 2968 1
1091 4491 1
4491 2004 1
2004 3900 1
3900 4352 1
4352 685 1
685 1791 1
1791 1968 1
1968 2457 1
2457 2857 1
2457 1414 1
1414 230 1
230 1474 1
1414 4731 1
4731 1103 1
1103 2217 1
2217 1689 1
1689 2031 1
1103 1147 1
1147 2200 1
1103 4325 1
2031 3523 1
3523 3128 1
2200 2792 1
2792 2462 1
2462 4976 1
4976 4997 1
4997 2595 1
2595 942 1
942 2924 1
2924 3997 1
3997 1162 1
1162 183 1
3997 3761 1
3761 483 1
483 1274 1
1162 398 1
3523 4551 1
4551 23 1
23 1411 1
2595 3882 1
4325 728 1
728 3136 1
3136 4455 1
4455 1271 1
1085 2195 2
2195 2693 1
2693 3272 1
3272 2375 1
3272 3901 1
3901 2735 1
2375 3498 2
3498 1398 1
3498 2094 1
3498 4161 1
4161 1518 1
1518 1819 1
1819 3096 1
3096 853 1
853 1049 1
3096 110 1
3096 835 1
2094 4816 2
1398 3588 2
3588 1561 1
1561 426 1
426 2428 1
1518 4506 2
2168 2311 2
685 1540 2
4506 1099 2
1099 2146 1
2146 3957 1
1518 870 2
1274 3021 2
1968 2325 2
2325 3985 1
3985 2839 1
2325 2641 2
2641 3045 1
2641 3453 1
3453 4315 2
4315 1565 1
110 2765 2
1049 1419 2
1001 608 2
608 499 2
835 334 2
1972 2192 2
2644 379 2
379 2286 1
3451 2296 2
2296 4135 1
4135 3073 1
3073 3995 1
3995 2637 1
318 252 2
252 576 1
576 4065 1
2692 4212 2
4212 4281 1
4281 2733 1
4281 3750 1
3750 3711 1
3750 2307 1
2307 3416 1
3750 3078 1
3078 2955 1
2733 3370 1
3370 1768 1
1768 652 1
3882 2346 2
2346 1759 1
2346 295 2
295 123 1
123 4487 1
123 1988 1
4487 4753 1
4753 692 1
1988 1033 1
295 1714 1
1714 3405 1
3405 1779 1
1779 53 1
53 1487 1
1779 2893 1
1714 4332 1
53 3860 1
3860 928 1
4332 4818 1
4818 3808 1
3808 3702 1
4818 4511 1
4511 4486 1
4511 2482 1
4486 654 1
654 3457 1
3457 4598 1
4598 2048 1
2048 1861 1
1861 119 1
119 2010 1
2048 4859 1
4859 534 1
534 1814 1
534 303 1
303 217 1
119 628 1
628 43 1
43 3688 1
3688 1693 1
1693 3172 1
1693 4490 1
4490 872 1
872 1002 1
872 236 1
3172 2788 1
2788 2620 1
2788 1723 1
1723 4420 1
4420 1537 1
1537 618 1
4420 2874 1
2874 194 1
194 3151 1
3151 306 1
306 3325 1
306 1421 1
654 4849 1
4849 4525 1
4849 2619 1
1537 3260 1
3260 1171 1
2788 2871 1
1861 2043 1
2043 1359 1
1359 1835 1
1171 4258 1
4849 4142 1
4142 1237 1
1835 2136 1
2136 4004 1
4004 433 1
433 4716 1
4716 3949 1
3949 4215 1
2136 1107 1
1107 3654 1
4142 93 1
93 551 1
551 3448 1
3448 745 1
745 2813 1
2813 1216 1
4215 4634 1
93 3932 1
4716 1566 1
1566 894 1
894 1293 1
1293 543 1
543 2600 1
894 3921 1
4634 3330 1
3330 3517 1
3517 1447 1
3932 1464 1
1464 2451 1
1464 2202 1
2451 4775 1
4775 4338 1
4775 4282 1
4282 1355 1
1355 203 1
203 1481 1
1481 2562 1
3921 1659 1
1659 777 1
1481 3864 1
3864 2096 1
2096 4321 1
4282 3137 1
3137 281 1
281 3931 1
3931 1594 1
1594 684 1
4321 1679 1
3931 4668 1
4668 228 1
228 3458 1
3458 2017 1
2017 1839 1
1839 3468 1
3468 3202 1
3468 4209 1
4209 2629 1
2629 1452 1
228 4615 1
2017 344 1
692 1298 2
1298 3836 1
1298 2076 1
2637 878 2
878 1748 1
1748 2972 1
2972 2966 1
2972 4897 2
4897 3767 1
3767 934 1
3767 4476 1
4476 2664 1
4476 774 1
774 3811 1
3811 526 1
2664 3452 1
3452 1482 1
1482 25 1
3811 3176 1
25 2204 1
2204 1564 1
25 1950 1
618 1372 2
2204 3724 2
526 487 2
4258 1863 2
1954 796 2
796 2169 1
2169 3318 1
3318 2553 1
2553 95 1
95 825 1
2553 4853 1
4853 455 1
4853 46 1
46 1168 1
796 4593 2
4593 2511 1
4593 3886 1
1950 2633 2
2687 2780 2
3932 862 2
4853 3399 2
1447 2730 2
455 1253 2
1253 1590 2
1590 3146 1
1590 2025 1
2025 4949 1
2025 3630 1
4949 1432 1
1432 672 1
672 4163 1
1432 3485 1
1432 2150 1
4163 1225 1
3442 4580 2
3630 4259 2
1168 1798 2
2764 1837 2
1837 662 1
662 4156 1
662 4095 1
4095 84 1
84 3799 1
84 2579 1
2579 2607 1
2607 1370 1
1370 3770 1
2607 396 1
1837 4869 2
4869 4940 1
4940 4037 1
4037 2265 1
2265 531 1
531 3338 1
3338 1957 1
1957 3760 1
1957 4038 1
4038 1808 1
4038 4267 1
1957 2283 1
2283 1946 1
1946 2292 1
2292 2081 1
2292 1947 1
2292 4464 1
4464 1087 1
1087 2628 1
2628 2396 1
2628 2465 1
2465 133 1
2465 3934 1
4267 2711 2
2711 3098 1
2711 3715 1
3715 3689 1
3689 4942 1
4942 293 1
293 3144 1
4942 3177 1
3177 408 1
408 1404 1
1404 4098 1
4098 1550 1
1550 4096 2
4096 3800 1
4096 4673 1
3800 1142 1
4673 4626 2
4626 359 1
359 4366 1
4366 671 1
671 1016 1
1016 4328 1
1016 1760 1
1760 1608 1
4328 2717 1
1608 2303 2
2303 2029 1
2029 4699 1
4328 969 2
969 2258 1
2258 3700 1
3700 57 1
57 1573 1
57 69 1
69 3975 1
3975 1990 1
1990 4084 1
69 1827 1
1827 643 1
4084 3967 1
3967 2578 1
2578 707 1
3975 3569 1
2578 4781 1
4781 2894 1
3569 1777 1
707 3292 2
3292 581 1
581 2748 1
2748 4189 1
2748 2011 1
2011 597 1
597 1072 1
1072 4211 1
1072 3173 1
581 4770 1
4770 1873 1
1873 4966 1
1873 1962 1
1072 528 2
581 1778 2
1778 2777 1
1962 2991 2
2991 4171 2
4171 1067 2
1067 4188 1
4188 4518 1
4518 3810 1
3810 3348 1
4188 4768 2
4768 640 2
640 2588 1
2588 4034 1
640 3472 2
3810 1785 2
1785 9 1
9 4210 1
4210 1315 1
1315 3838 1
4210 927 1
1315 4891 1
4891 4220 1
4891 3924 1
3924 3582 1
3924 484 1
484 279 1
279 2288 1
2288 1435 1
3838 2401 2
2401 2080 1
2401 2623 1
2623 1846 1
2623 2517 1
2517 860 1
860 4358 1
4358 3033 1
3033 15 1
3033 2884 1
15 945 1
2401 607 1
2884 2669 2
15 4741 2
4741 1305 1
1305 26 1
26 511 1
511 2873 1
2873 558 1
558 4447 1
1305 638 1
638 3026 1
3026 3851 1
3851 3225 1
3225 4720 1
4720 1127 1
4720 2844 1
2844 3787 1
3787 2638 1
3787 1743 1
1743 4120 1
4120 2429 1
2429 2906 1
4120 2099 1
2906 3657 1
3657 2448 1
4447 4427 2
4427 4336 1
4336 4460 1
4460 3628 1
4336 1690 1
4336 3505 1
3628 2161 1
2161 2775 1
2775 31 1
2161 869 1
869 151 1
869 4012 1
4012 2864 1
2864 1527 1
4012 2077 1
1527 1117 1
1117 595 1
1117 3759 1
3759 2983 1
3759 1971 1
3759 3082 1
31 2519 1
2519 2677 1
3628 2550 1
2550 2858 1
2858 1562 1
4427 658 1
2550 273 1
3082 2263 2
2263 4587 2
4587 1283 1
2983 277 2
4012 3092 2
151 269 2
3026 3633 2
3225 2187 2
2187 4310 1
2187 2631 1
4310 3893 2
3893 2467 2
2467 1196 1
1196 394 1
394 602 1
1196 861 1
861 1323 1
1323 3804 1
3804 2617 1
2617 2144 1
2144 952 1
952 3727 1
3727 3679 1
3679 4947 1
4947 1870 1
1870 678 1
678 4717 1
4717 2540 1
3727 3508 1
3508 2882 1
2882 255 1
2144 2888 1
2888 4357 1
4357 772 1
2882 753 1
772 4397 1
4397 1725 1
1725 1144 1
1144 505 1
4397 4459 1
4459 2937 1
2937 3134 1
3134 2998 1
2998 3481 1
3481 3910 1
3481 2015 1
2015 316 1
316 3964 1
3964 1357 1
1357 3423 1
3423 3768 1
1404 592 2
592 4543 1
4543 1234 1
1234 4374 1
4374 2945 1
2945 3126 2
3126 2772 1
2772 1084 1
2772 3531 1
3531 4927 2
4927 3263 1
3263 3552 1
4927 3337 1
3337 4393 1
3337 278 1
278 1504 1
4393 3568 1
3568 1376 1
3552 4789 1
4789 1480 1
3568 1378 2
1378 1312 1
1378 2904 2
2904 4482 1
4482 750 1
2904 1826 1
1826 674 1
750 1657 1
1657 1478 1
1478 2371 1
2371 3237 1
1657 2051 1
2051 340 1
2051 4055 1
4055 1985 1
1985 2275 1
2275 3745 1
3745 497 1
497 2661 1
3745 321 1
2661 3788 1
3788 2398 1
321 1845 1
1845 3744 1
2371 2720 1
2904 4657 1
4657 2087 1
2087 4461 1
2661 1963 2
1963 3511 1
3511 2715 1
2715 3410 1
3410 3802 1
3802 1853 1
3410 4678 1
4678 1506 1
3511 2369 1
2369 4122 1
4122 157 1
157 2590 1
2590 3955 1
3955 3450 1
3450 2234 1
2234 1977 1
3955 4879 1
1977 4497 2
4497 635 2
635 1970 2
1970 1092 1
1092 527 2
527 4317 1
4317 4180 1
4180 3834 1
527 1322 1
1322 2538 1
2538 4596 1
4596 3043 1
3043 3930 1
3930 4627 1
4627 1073 1
1073 298 1
4627 2984 1
2984 3287 1
3287 1031 1
3287 73 1
4180 4857 1
2984 2 2
2 1199 1
1199 97 1
1199 2718 1
2718 1591 2
1591 538 1
1591 695 2
695 2134 1
2134 397 1
397 4835 1
4835 4294 1
4294 3208 1
3208 4296 1
3208 626 1
3208 4603 1
695 4651 1
4603 4391 2
4391 1927 1
4391 4571 1
4571 4915 1
4571 4198 1
4198 4151 1
4151 3326 1
3326 4289 1
4289 1821 1
1821 920 1
4151 817 1
817 2993 1
2993 1804 1
1804 2963 1
2963 4206 1
4206 3866 1
3866 240 1
240 3813 1
3813 3107 1
3866 1694 1
1694 902 1
902 3988 1
3988 2714 1
2714 234 1
234 103 1
234 4492 1
4492 1189 1
3813 4888 1
4888 3751 1
4289 2422 1
1804 4557 1
4557 2736 1
4557 1635 1
920 1895 1
1895 2796 1
3751 1598 1
1895 4274 1
1598 1137 1
1137 323 1
4557 263 1
1927 2827 1
1189 3721 2
3721 4370 1
4370 1900 1
4370 1862 1
1862 829 1
1862 2344 1
2344 2207 1
2207 2861 1
2861 2536 1
2207 1583 1
2536 3835 1
3835 567 1
567 3691 1
3691 3573 1
3721 3974 1
3974 2110 1
3974 1172 1
3573 3641 1
2110 3014 1
3014 283 1
1583 3618 2
3618 4494 1
4494 1739 1
1739 2006 1
4494 4785 1
4785 4579 1
4579 243 1
4785 4003 1
4003 3143 1
3143 816 1
816 4704 1
816 3377 1
3377 4984 1
243 3422 1
3422 3195 1
3195 2939 1
2939 2450 1
2450 3623 1
1739 3839 1
4984 3166 2
3166 4202 1
4202 2452 1
4202 1662 1
3166 1754 1
1754 1965 1
1965 761 1
761 4418 1
1662 4246 2
4246 4449 2
4449 601 1
601 2876 1
2876 32 1
32 3110 1
3110 2474 1
2474 106 1
2474 3749 1
3749 1667 1
1667 3544 1
3544 3106 1
3106 3178 1
3106 554 1
3106 1047 1
3749 2160 2
2160 4451 1
2160 500 1
500 4337 1
4337 88 1
88 682 1
88 4986 1
4986 2357 1
2357 3312 1
3312 3730 1
3730 3463 1
3463 2951 1
2951 2926 1
2926 3168 1
3168 1180 1
1180 3739 1
3739 2341 1
3168 4017 1
4017 1684 1
1684 1232 1
3730 139 1
4986 3492 1
3492 3084 1
3084 2253 1
2253 2867 1
3739 1201 1
3492 2274 1
1201 2041 1
2041 3608 1
3608 1626 1
1626 3796 1
3796 517 1
517 259 1
1626 3122 1
2041 1794 1
1794 3719 1
3719 2061 1
517 245 1
1794 1240 1
1240 749 1
749 2944 1
500 4191 2
4704 3728 2
3728 2220 1
2220 1050 1
1050 834 1
834 4349 1
2220 4771 1
4191 2832 2
2832 1356 1
1356 191 1
191 617 1
191 4794 1
4794 1933 1
1933 1070 1
4794 807 1
807 3190 1
4794 4119 1
4119 184 1
4119 48 1
184 2279 1
2279 4736 1
4736 3018 1
3018 1500 1
2279 1493 1
3018 1810 1
2832 4313 1
191 3250 1
1493 596 2
48 4117 2
4117 2935 1
2935 661 2
661 3626 1
3626 341 1
341 3339 1
3339 1341 1
1341 1563 1
1563 1920 1
3626 3740 1
3740 4442 1
3740 3164 1
4442 2464 1
2464 3822 1
2464 261 1
261 1109 1
1109 1054 1
1054 3357 1
3357 4071 1
4071 568 1
1920 3805 2
3164 3755 2
3755 4900 1
4349 2434 2
2434 4384 1
4384 421 1
421 3638 2
3638 2653 1
2653 29 1
29 4059 1
4059 357 1
357 3791 1
3791 1796 1
1796 1766 1
1766 4124 1
4124 4782 1
4782 4738 1
4738 3907 1
3907 4283 1
4283 4170 1
4782 1093 1
1093 249 1
4283 158 1
4059 3509 1
3509 1891 1
1891 1647 1
1647 452 1
4283 1991 1
1991 414 1
4059 4083 1
4083 1887 1
4124 3953 1
3953 3397 1
4083 3922 1
3397 2151 1
2151 2157 1
3638 482 1
3922 4928 1
4928 1674 1
4928 4934 1
4934 2290 1
2290 4925 1
2290 3409 1
4925 3335 1
4925 2875 1
2875 2547 1
2875 489 1
2547 3895 1
3895 647 1
647 4861 1
4861 529 1
4861 518 1
518 836 1
4861 3201 1
3201 1164 1
1164 14 1
1164 4604 1
4604 623 1
623 3480 1
3480 1587 1
4604 981 1
1587 1497 1
1497 4687 1
1497 3235 1
3235 2352 1
3235 2058 1
2352 4885 1
4885 4883 1
4883 1368 1
4883 83 1
83 2567 1
2567 3539 1
2567 81 1
81 1135 1
1135 4677 1
3539 3632 1
452 4892 2
4892 3464 1
4170 3642 2
3642 1512 1
1512 117 1
3642 3833 1
3833 1718 1
3833 2648 1
2648 3941 1
2648 1249 1
1249 1318 1
3941 666 1
3941 993 1
993 113 1
1512 1387 2
421 2548 2
3922 1377 2
4442 118 2
1047 16 2
16 3317 1
3317 1812 1
3317 1448 1
1812 1444 1
88 3821 2
1054 2490 2
2490 1781 1
1781 1248 1
1781 2673 2
2673 3994 1
2673 2166 1
3335 744 2
4071 3585 2
489 2250 2
2250 2974 1
2250 3669 1
3669 13 1
13 3085 1
3085 1350 1
4071 858 2
858 875 1
875 4866 1
4866 3153 1
3153 3879 1
4866 4999 1
3879 438 1
4999 1369 1
1369 1102 1
1369 391 1
391 377 1
377 883 1
1102 2575 1
2575 784 1
784 3051 1
3051 3780 1
3780 3847 1
3780 1420 1
3895 1967 2
1967 4568 1
4568 3841 1
3841 2946 1
2946 1423 2
2274 1097 2
1097 4830 1
4830 3281 1
3281 2049 1
2049 2225 1
1350 56 2
56 4713 1
56 2761 1
2761 593 1
593 733 1
593 4614 1
4614 2625 1
2625 4573 1
4573 3703 1
3703 3183 1
3183 1492 1
1492 2846 1
3183 899 1
899 1976 1
1976 4599 1
4599 1108 1
4599 537 1
1492 2613 1
2613 963 1
2613 1983 1
1983 644 1
4599 366 1
1983 3525 1
3525 1442 1
1442 233 1
233 1790 1
1790 1713 1
1790 2609 1
245 2289 2
2289 4104 1
4104 1083 1
4999 1578 2
14 4561 2
4492 1597 2
1597 1306 2
1306 1488 1
1488 986 1
986 2208 2
4604 4408 2
4408 3976 1
3976 1242 1
1242 2176 1
2176 4765 1
4765 1361 1
2176 3407 1
3407 2831 1
2176 2947 1
2947 2608 1
2947 153 1
153 2672 1
2672 998 1
2608 1114 1
1114 2962 1
2962 2833 1
2833 3256 1
2672 168 1
2833 1964 1
168 747 1
747 560 1
749 564 2
564 3038 1
3038 319 1
319 660 2
2846 208 2
208 3887 1
3887 940 1
1172 105 2
3525 916 2
916 3034 2
3034 4931 1
4931 418 1
418 1710 1
418 3232 1
168 6 2
2609 723 2
4603 3993 2
3232 2555 2
2555 613 1
2555 846 1
846 1061 1
846 614 1
846 3894 1
3894 3378 1
3894 3091 1
613 3619 2
3619 648 1
648 2478 1
2478 3593 1
3593 2221 1
2221 964 1
964 3123 1
3123 3945 1
3619 3778 2
3778 2819 1
2819 1069 1
1069 4681 1
4681 3652 1
3652 3369 1
4681 2770 1
3369 1852 1
3369 4744 1
4681 2111 1
2111 382 1
382 3929 1
3929 3563 1
3563 3927 1
3927 3876 1
3927 3430 1
3430 508 1
508 3939 1
3939 3328 1
3328 2095 1
3328 3542 1
3430 3331 1
3542 3179 1
3331 933 1
933 930 1
930 1772 1
1772 3170 1
1772 4157 1
4157 748 1
748 4247 1
933 3903 1
3903 4298 1
4298 3437 1
3437 2949 1
2949 3723 1
3723 896 1
4298 50 1
2949 4080 1
4080 2941 1
4298 1576 1
1576 889 1
1576 324 1
324 2471 1
1852 803 2
803 1501 1
1501 4434 1
1501 3857 1
803 3360 1
4434 4787 2
2827 1289 2
298 327 2
327 4803 1
4803 3695 1
4803 1256 1
327 2395 1
3945 1056 2
896 338 2
2941 2565 2
2720 383 2
324 1923 2
1504 1402 2
4789 1257 2
1257 3605 1
3605 1765 1
1765 3184 1
1765 2084 1
2084 1295 1
1295 2065 1
2065 287 1
287 172 1
172 2124 1
172 3113 1
3113 4797 1
4797 3925 1
4797 759 1
759 2485 1
2485 120 1
3925 720 1
720 1806 1
1806 1677 1
1677 1074 1
1074 4326 1
720 1009 1
1009 650 1
1009 3142 1
3142 498 1
498 2005 1
2005 3631 1
2005 4991 1
3184 2487 1
2487 34 1
34 1524 1
34 1138 1
1138 453 1
453 3536 1
453 1428 1
1428 445 1
3113 3942 2
2772 914 2
914 4428 1
2124 2697 2
2697 3502 1
3502 1184 1
3502 1858 2
1858 3514 1
1858 3926 1
3926 3214 1
3214 3218 1
3218 699 1
2487 773 2
773 360 1
360 3145 1
3145 3613 1
861 2418 2
2418 3559 1
2418 1715 2
3144 3516 2
3516 4231 1
3516 3491 1
4231 3163 1
3163 2880 1
2880 2405 1
2405 248 1
2880 3004 1
3004 1836 1
1836 165 1
248 3969 2
3969 4958 1
4958 921 1
921 2841 1
2841 4564 1
4564 632 1
632 167 1
167 1358 1
167 4484 1
1358 2355 1
2355 4256 1
4256 3989 1
3989 4943 1
4943 4777 1
4777 847 1
4256 1486 1
847 3006 1
3006 3083 1
279 2722 2
2722 4899 1
4899 2696 1
2696 4914 1
4914 4667 1
4914 1737 1
1737 4778 1
4778 4670 1
4778 3447 1
3447 3156 1
3156 1557 1
1557 3438 1
1557 2561 1
2561 137 1
2561 694 1
694 4537 1
3536 2164 2
2164 3726 1
3726 3871 1
2164 3394 1
3394 1317 1
3726 2997 1
3871 1348 2
2844 432 2
2696 2639 2
2638 1549 2
1549 3117 1
3117 4600 1
1549 1427 2
3004 1391 2
1737 4889 2
4889 710 1
710 4019 1
710 2397 1
1836 2515 2
2515 3434 1
3434 4850 1
4850 4805 1
4805 3704 1
3434 2476 1
2476 1932 1
4850 1363 1
1363 603 1
603 3121 1
3121 1399 1
3121 843 1
843 3352 1
1399 4242 1
4242 2842 1
4242 22 1
22 1599 1
2842 268 1
1599 2535 1
710 3692 2
3692 3913 1
772 3240 2
603 41 2
2397 3489 2
505 3242 2
3242 729 1
729 1483 1
729 3003 1
3352 1929 2
1929 290 2
290 3549 1
3549 94 1
694 2560 2
2560 4509 2
4509 2171 2
2171 4268 1
1679 1961 2
94 235 2
2724 2526 2
268 1830 2
1830 1555 1
1555 714 1
1555 4329 1
4329 2793 1
1830 3643 2
1839 1177 2
1177 3213 1
1177 4585 2
3643 966 2
966 4030 1
966 1437 2
1437 4714 1
4714 2294 1
2294 1918 1
1918 1702 1
1702 2419 1
2419 2626 1
2626 2044 1
2044 2034 1
2626 3387 1
3387 2804 1
3387 1620 1
1620 2412 1
2412 4257 1
2412 3884 1
3884 1973 1
3884 11 1
11 949 1
949 1668 1
949 4134 1
4134 1905 1
1905 2239 1
2239 4878 1
2804 2976 1
4257 1761 1
2034 3307 1
3307 1228 1
1437 4788 1
3307 3443 1
3443 4269 1
2294 3055 1
1702 2865 1
2865 1034 1
4269 1265 1
1265 308 1
2976 4512 2
2034 2224 2
2224 2036 1
2036 2510 2
2510 4762 1
4762 4582 1
4582 3581 1
3581 1217 1
3964 2349 2
2349 2103 2
2103 4932 1
2103 550 1
550 134 2
4329 4388 2
4388 4049 1
4049 2766 1
2766 4645 1
4645 2734 1
2793 3537 2
3537 1652 1
3423 2524 2
2524 177 1
177 1053 1
1053 4682 1
1053 1146 1
1146 1629 1
1629 4822 1
4822 2068 1
1629 1029 1
2068 3002 1
4049 1019 2
4645 3155 2
3155 4435 1
4435 4032 1
1788 2574 2
2574 2559 1
4960 37 2
37 960 1
37 1776 1
1776 4143 1
4143 4567 1
4143 401 1
401 1179 1
401 4327 1
4327 238 1
238 1530 1
1530 4558 1
4558 1577 1
1577 71 1
1530 4472 1
4472 3440 1
3440 2382 1
2382 4308 1
4472 2152 1
2382 4745 1
4745 1111 1
1111 1310 1
1310 4911 1
4911 2704 1
2704 3644 1
3644 4279 1
2704 1864 1
1864 1683 1
3644 2100 1
2100 3595 1
3595 609 1
609 2994 1
2994 4197 1
4197 3017 1
4197 782 1
4682 4233 2
4233 4832 1
4233 3467 1
3467 1505 1
1505 1495 1
1495 1139 1
1139 510 1
510 1218 1
1505 4987 1
4987 3080 1
510 390 1
390 1736 1
390 2728 1
2728 3754 1
3754 3825 1
3754 4250 1
4250 310 1
310 3427 1
3427 4576 1
4576 2980 1
2980 4353 1
4353 947 1
4353 2098 1
310 2445 1
2445 2173 1
2173 2037 1
2734 1634 2
1634 3459 1
4032 307 2
307 1707 1
1707 863 2
863 4541 2
4541 2932 1
2932 513 1
4541 2808 2
513 104 2
1187 1719 2
1719 1223 1
1223 4217 1
4217 3036 1
3036 1784 1
3036 1046 1
1046 3069 1
3069 2272 1
4217 1644 1
1644 3856 1
1644 301 1
3856 4863 1
3069 738 2
738 1279 1
1279 196 1
1279 999 1
999 1829 1
1829 4621 1
4621 1443 1
1443 4320 1
4621 2798 1
2798 2174 1
2174 4483 1
4483 481 1
4483 288 1
288 2905 1
2905 702 1
481 155 1
702 2512 1
2512 4121 1
2512 1708 1
1708 4138 1
1708 1800 1
1800 270 1
4308 3899 2
3899 1502 1
1502 520 1
520 540 1
520 2890 1
2890 2019 1
2890 4088 1
4088 2324 1
2324 3391 1
3391 1651 1
1651 1510 1
1510 1292 1
1292 3551 1
3551 2877 1
2877 2310 1
2877 1604 1
2310 612 1
612 539 1
2310 2652 1
2652 1610 1
539 160 1
1502 679 2
679 384 1
679 3737 1
3737 4445 2
947 4477 2
4477 1287 1
1287 1186 1
1186 4623 1
4623 4306 1
4306 4383 1
4306 1205 1
4477 3363 1
3363 1941 1
4623 3601 1
1941 1454 2
4383 732 2
732 1914 1
1914 387 1
387 3238 1
3238 2304 1
387 1343 1
2304 2606 1
2606 2023 1
2304 3200 2
3200 2196 1
2196 1075 1
2196 4093 1
4093 4072 1
4072 2492 1
2492 1627 1
1627 302 1
4093 828 1
1627 4715 1
4715 697 1
3200 4508 1
4508 3905 1
4715 3216 1
3216 2754 1
2754 3763 1
3763 1385 1
4508 553 1
553 3132 1
3763 4070 1
3132 2050 1
2050 1809 1
1809 1156 1
1809 2109 1
2109 2901 1
2901 4548 1
4548 4047 1
4548 2232 1
2232 2757 1
4047 814 1
2757 718 1
4047 4836 1
4836 3367 1
3367 924 1
924 331 1
331 3230 1
331 4429 1
4429 4302 1
4302 3296 1
3296 4906 1
4906 669 1
669 4089 1
4906 4013 1
4013 1508 1
4013 755 1
755 639 1
755 1005 1
1005 1149 1
1149 3005 1
1149 944 1
944 1071 1
1071 2499 1
2499 2713 1
2713 1621 1
1621 1160 1
2713 3584 1
3005 422 1
4089 2784 1
2232 3733 1
3733 3188 1
924 2479 1
2479 725 1
3733 2245 1
2245 2021 1
2021 622 1
828 3441 2
3441 3289 1
3441 4542 1
3289 1535 2
1535 1888 1
3584 1078 2
821 3315 2
1310 3415 2
3415 3506 1
3506 516 1
516 4054 1
4054 3659 1
1508 4974 2
2037 4437 2
4437 197 1
4851 4369 2
4369 4829 1
4829 3025 1
4829 2927 1
2927 1902 1
2784 2402 2
2109 1020 2
1020 289 1
289 1035 1
1035 1143 1
1143 2370 1
2370 3854 1
1143 2424 1
2424 1018 1
1018 3553 1
3854 2456 1
2456 3351 1
3351 3607 1
3607 2851 1
2851 4873 1
2456 4812 1
4812 4036 1
4036 3269 1
3269 3829 1
3829 3372 1
3372 2758 1
2758 4144 1
4144 149 1
149 1076 1
1076 4810 1
4810 264 1
264 2383 1
2383 844 1
2758 3520 1
1076 1386 1
1386 3248 1
3248 2082 1
2082 2569 1
2569 2271 1
2082 787 1
787 1457 1
1386 380 1
380 4495 1
380 4377 1
4894 371 2
702 3614 2
205 3478 2
3478 4795 1
4795 3047 1
3047 3999 1
3047 490 1
3999 2145 1
509 2953 2
2953 193 1
193 467 1
467 3828 1
3828 3102 1
3102 254 1
254 1262 1
1510 2112 2
2112 3499 1
3499 2996 1
2996 262 1
262 4964 1
2112 3615 1
3615 2794 1
3615 2285 1
262 3301 1
2285 4479 1
4479 145 1
145 4433 1
4433 297 1
4433 556 1
556 1729 1
1729 4414 1
1729 4339 1
4339 3013 1
3013 1680 1
1680 4909 1
4339 923 1
923 848 1
4964 1907 2
2953 1203 2
1203 1352 1
3607 578 2
1352 2909 2
2909 822 1
2909 3236 1
3236 140 1
140 4956 1
4956 4091 1
4091 630 1
630 339 1
339 2244 1
339 1390 1
2244 440 1
440 3294 1
440 4534 1
1390 2008 1
2100 1847 2
1847 355 1
2512 794 2
140 4864 2
4864 3954 1
297 3435 2
1708 1649 2
1800 4847 2
2145 4774 2
4774 2881 1
2881 1582 1
2881 2601 1
609 4549 2
4549 4650 1
4650 2725 1
4650 1716 1
4650 2655 1
2655 2531 1
2655 1468 1
1468 458 1
2531 386 1
1468 4971 1
2531 3290 1
3290 411 1
4971 4344 1
4344 2912 1
2912 1735 1
1735 929 1
929 2642 1
2642 4631 1
4631 1767 1
1767 4403 1
4403 1554 1
1554 1395 1
1395 3374 1
3374 4977 1
3374 3713 1
3713 2621 1
4977 1094 1
411 641 1
641 970 1
929 4140 1
4140 1329 1
4140 4020 1
4020 3382 1
4020 2020 1
2020 3044 1
3044 1222 1
1222 3196 1
3196 1986 1
1986 4996 1
1222 4581 1
4581 2577 1
2020 3375 1
1986 2985 1
2985 2211 1
1222 2627 1
2627 3686 1
3686 3528 1
3528 1570 1
3686 2148 1
2148 4583 1
4583 675 1
1570 937 1
937 3148 1
3148 3781 1
3148 1112 1
3781 1775 1
1112 385 1
385 3982 1
3982 4730 1
3982 4108 1
4730 1291 1
1291 1939 1
4108 826 1
1939 1110 1
1939 4702 1
3982 4441 1
4702 1364 1
1364 4759 1
4759 4901 1
1364 4641 1
4901 3981 1
3981 1297 1
4641 1339 1
1339 1429 1
1429 4696 1
1429 3284 1
1429 3977 1
3977 2967 1
2967 4493 1
4493 2293 1
2293 378 1
2293 4838 1
3977 4285 1
4285 170 1
170 1832 1
378 464 1
4285 4158 1
1832 2392 1
2392 3888 1
2621 1711 2
1711 4695 1
2994 3817 2
3817 719 1
719 3297 1
719 330 1
330 3690 1
556 3743 2
2569 3493 2
3493 4547 1
3493 198 1
4956 3271 2
270 1572 2
3829 1024 2
1024 3101 1
3101 569 1
569 2818 1
2818 868 1
569 642 1
569 3970 1
868 3500 1
3500 1238 1
1238 2059 1
3500 4918 1
4918 2085 1
2085 2219 1
4918 573 1
573 2973 1
2973 2879 1
2879 3952 1
3952 3210 1
3210 691 1
691 3246 1
3246 4656 1
4656 4617 1
2085 4173 1
4173 1268 1
2879 3395 1
3395 909 1
909 4893 1
3395 591 1
591 488 1
488 2480 1
4893 468 1
468 3046 1
3046 3389 1
3046 4809 1
4809 3732 1
4809 1831 1
1831 4503 1
488 2027 1
3732 4203 1
4203 3571 1
4547 312 2
312 4724 1
4724 4292 1
4292 2640 1
2640 756 1
756 4307 1
4307 2592 1
2640 1520 2
312 4834 2
4834 365 1
365 465 1
465 657 1
657 1198 1
1198 358 1
358 1574 1
358 2916 1
2916 4385 1
4385 423 1
4385 174 1
4834 309 1
1574 1744 2
1744 3625 1
1744 3519 1
1744 4394 1
4394 734 1
734 4983 1
734 2518 1
198 1850 2
1582 1533 2
1533 2210 1
2210 4632 1
4632 3742 1
3742 1178 1
1178 1210 1
1533 3503 1
4632 3222 1
1262 1155 2
1262 941 2
941 2667 1
2667 2778 1
4414 884 2
884 4647 1
884 4057 1
4057 3677 1
3677 4887 1
4887 4723 1
4723 1469 1
4723 1952 1
3677 3849 1
3849 3413 1
3849 65 1
65 3914 1
3914 712 1
712 3400 1
630 740 2
1469 4552 2
4552 3253 1
4552 2534 1
4552 2513 1
2513 3667 1
3667 3254 1
3254 1678 1
1678 3265 1
2534 2231 2
2667 4023 2
1390 2556 2
2778 2368 2
2368 3831 1
3831 653 1
3831 4350 1
4350 3194 1
3194 3411 1
4350 2552 1
2552 3766 1
3766 3647 1
3766 4740 1
4740 2566 1
3411 4528 1
4528 4697 1
4697 2681 1
2681 1304 1
1304 2838 1
2681 1560 1
4350 1449 1
2681 4612 1
4612 776 1
4740 2102 1
2102 2249 1
2102 1270 1
1270 1354 1
2249 1119 1
1119 1595 1
2102 3651 1
4612 3031 1
3031 1915 1
1354 1467 1
2601 1885 2
2642 472 2
472 961 1
970 3327 2
1209 2386 2
2566 3610 2
1986 2501 2
2501 2585 1
2585 30 1
2585 3597 1
3610 1935 2
1935 4103 1
4103 1545 1
4103 320 1
1545 3185 1
1545 3371 2
3371 1993 1
1993 693 1
693 4478 1
4478 2045 1
1993 2743 1
4478 926 1
1993 2820 1
4478 1817 1
2820 3278 1
3278 1746 1
459 2433 2
2433 3940 1
3940 4709 1
2433 2484 1
2484 4799 1
4799 143 1
143 882 1
882 3891 1
4799 450 1
3891 3193 1
3193 3258 1
1817 1630 2
1630 1460 1
1460 4323 1
4323 1027 1
2027 837 2
4323 4348 2
4348 4828 1
4828 1403 1
4203 3089 2
3089 3812 1
3812 3283 1
3283 667 1
3089 4421 1
3283 2580 1
4421 3288 1
3288 1934 1
3288 3589 1
667 856 2
856 3803 1
3803 260 1
260 4727 1
4727 4529 1
4529 2190 1
3803 4432 1
4432 2114 1
2114 780 1
4529 3789 1
3789 3353 1
3789 1079 1
3353 931 1
931 4077 1
4077 4663 1
931 903 1
903 1007 1
1007 2437 1
4663 2348 1
260 4453 1
4453 1890 1
1890 2113 1
4453 1430 1
1430 3445 1
2113 3223 1
1430 1367 1
1367 2033 1
2033 627 1
2033 3815 1
3815 4556 1
4556 3731 1
3815 417 1
417 451 1
3731 28 1
28 2604 1
3815 2911 1
2911 2803 1
2911 2070 1
28 1260 1
2911 3066 1
1260 1868 1
1868 4149 1
4149 1241 1
1241 1064 1
1064 4396 1
4396 804 1
804 4187 1
1241 3456 1
3456 4155 1
4155 2979 1
2979 4868 1
4868 4890 1
4890 476 1
476 4185 1
4185 3234 1
3234 1745 1
1745 4109 1
4109 2852 1
4185 3578 1
3578 968 1
968 1912 1
1912 1389 1
1389 4513 1
4513 4689 1
4513 1601 1
2852 2786 1
2786 2028 1
2786 1445 1
1445 4577 1
1445 525 1
525 4662 1
4662 726 1
726 3920 1
726 3477 1
3477 975 1
3477 2413 1
2852 1539 1
1539 3175 1
1539 2216 1
1241 3971 1
3971 3561 1
3561 1771 1
4187 1937 1
1868 566 1
3561 2430 1
2430 1247 1
1247 4301 1
4301 1431 1
1431 4595 1
4595 2668 1
2668 4930 1
2668 3635 1
4301 4319 1
2668 4106 1
4106 3255 1
4106 2431 1
2430 2461 1
4106 4176 1
4176 4001 1
4176 3366 1
4001 1969 1
1969 582 1
582 932 1
932 4758 1
4758 996 1
996 4280 1
4280 1824 1
1824 3874 1
3874 4796 1
3366 128 1
4280 4913 1
4913 1258 1
1258 2782 1
4796 4761 1
4761 4735 1
4735 3612 1
582 2414 1
2414 805 1
4758 4611 1
4611 1246 1
1246 3461 1
3461 2277 1
4796 3986 1
3986 1413 1
4176 1353 1
1353 274 1
582 410 1
3986 4131 1
4131 2828 1
1246 3783 1
3783 3572 1
3572 3762 1
3762 2771 1
2771 1101 1
1101 3322 1
3783 4981 1
4981 3048 1
3048 3215 1
3762 3948 1
3322 1324 1
4131 353 1
353 3257 1
3215 3848 1
3848 572 1
572 345 1
353 2122 1
3948 1916 1
1916 485 1
485 2299 1
485 3820 1
1007 443 2
443 285 1
4662 4920 2
4920 1883 1
780 4128 2
4128 3309 1
1883 1129 2
3578 1015 2
1015 209 1
209 2276 2
3781 1202 2
1202 1465 1
1465 3896 1
1202 1722 1
3896 1633 1
1465 3797 1
3797 3295 1
3295 1342 1
2123 519 2
519 746 1
519 55 1
55 4214 1
746 2971 2
2971 812 1
812 163 1
163 2309 1
1367 3298 2
3298 2505 2
3223 2212 2
3797 752 2
752 2809 1
2809 4048 1
2809 833 1
2809 1665 1
1665 575 1
575 435 1
450 663 2
663 1515 1
1515 2773 1
1665 4078 2
4078 4729 1
4729 1484 1
1484 1251 1
1251 2514 1
2514 4575 1
1251 2597 1
2581 3076 2
435 2178 2
2178 2055 1
2055 1415 1
2070 3878 2
3878 2444 1
2444 3364 1
3364 39 1
39 4035 1
4035 173 1
173 3115 1
3115 214 1
3364 3428 1
4035 1221 1
2235 3127 2
3127 4190 1
4190 4659 1
4659 405 1
4901 2508 2
2508 115 1
1339 4700 2
115 2896 2
2896 1730 1
1730 2233 1
1730 436 1
1730 4111 1
4111 3133 1
3133 161 1
161 4409 1
4409 2009 1
4409 4125 1
4125 3383 1
3383 4848 1
3383 4798 1
3383 3239 1
4187 1844 2
1844 1230 1
1230 762 1
762 3100 1
3100 272 1
272 4303 1
4303 2656 1
2656 2117 1
2117 4601 1
2153 1040 2
1040 606 1
606 3167 1
3167 4952 1
4952 3819 1
3819 3830 1
3830 2554 1
2554 4643 1
4643 2989 1
4952 532 1
532 3488 1
2989 2948 2
2948 2824 2
2824 4311 2
4311 4948 1
4948 2105 1
2105 2432 1
2432 1838 1
4948 1105 1
1838 253 1
253 1475 1
1105 1878 1
1878 4675 1
4675 2783 1
2783 1006 1
1006 1685 1
1685 2252 1
1878 954 1
954 1037 1
2252 251 1
251 2746 1
2252 4488 1
4488 3576 1
4488 4843 1
4843 3624 1
3624 1592 1
1037 3698 1
3698 2806 1
2783 3087 1
3087 1989 1
3087 2255 1
253 1525 1
1525 420 1
420 2287 1
2287 2226 1
2226 3008 1
2226 3421 1
2432 991 1
2255 1140 2
2746 3062 2
1525 2571 2
2571 4886 1
4886 4916 1
3635 3842 2
3830 3676 2
3676 590 1
590 2455 2
2455 2206 1
2455 1542 2
272 1060 2
436 583 2
4111 4474 2
4474 2987 1
2987 3693 1
4735 2868 2
2868 2546 1
2546 1709 1
1709 2670 1
2670 1096 1
1096 3521 1
1096 4684 1
4684 4208 1
4684 4060 1
4060 3474 1
4208 760 1
760 1243 1
4060 3671 1
4208 1896 1
1896 4395 1
4395 1851 1
1851 2264 1
760 589 1
2546 4225 1
4225 4351 1
4351 2024 1
4351 2417 1
2264 2326 2
2326 2241 1
2241 2593 1
2593 4594 1
4594 3656 1
3656 4172 1
3656 2391 1
2391 1422 1
1422 2240 1
2240 4865 1
4865 1197 1
3656 3114 1
2391 3717 2
3717 2836 1
2836 1233 1
1233 4074 1
4074 3020 1
3020 292 1
292 1455 1
1455 2586 1
2586 4998 1
4998 2936 1
4998 4110 1
4110 1519 1
1519 3393 1
3393 3777 1
3777 3401 1
3777 2630 1
2630 2199 1
2199 1336 1
1336 3355 1
292 1319 1
1319 1995 1
3717 741 1
741 1509 1
1233 4286 1
4286 2118 1
2118 2295 1
2295 2816 1
2295 4908 1
4908 3037 1
4286 1909 1
1909 1170 1
1170 549 1
549 4854 1
549 343 1
549 3165 1
3165 1717 1
1717 624 1
3165 571 1
1717 4207 1
4207 3661 1
3661 4553 1
4553 1849 1
4553 1698 1
1849 336 1
336 3604 1
3604 2940 1
2940 2635 1
3604 3466 1
3466 150 1
150 4588 1
4588 3390 1
3390 2259 1
2259 871 1
871 1499 1
2259 3120 1
3120 1296 1
1296 1365 1
1365 2339 1
2339 466 1
466 1375 1
466 1703 1
1365 4706 1
4706 2320 1
4706 479 1
479 3752 1
3752 629 1
629 3603 1
629 2332 1
2332 1028 1
1028 4629 1
4629 3310 1
2332 990 1
990 4754 1
4754 2891 1
990 4333 1
4333 799 1
799 1660 1
1660 4517 1
799 4260 1
4260 2732 1
2732 1886 1
1886 4652 1
4652 85 1
85 4671 1
4671 3475 1
3475 1543 1
1543 3198 1
3198 1645 1
3198 943 1
943 1021 1
1021 767 1
3198 3827 1
1021 2435 1
4517 521 1
521 4840 1
4671 1738 1
1738 1569 1
1569 2365 1
2365 4087 1
4087 2821 1
2732 877 1
1738 2393 1
2393 2090 1
877 2047 1
3355 3112 2
3112 1642 1
1642 1397 1
1397 442 1
442 2683 1
2683 1943 1
1943 4276 1
2683 4496 1
4496 4423 1
1397 4871 1
4871 522 1
522 4145 1
3112 2762 1
4871 4167 1
4167 3600 1
4167 130 1
3600 4248 1
4248 2473 1
2473 1843 1
4248 610 1
4248 4790 1
1843 1842 1
4790 4982 1
4982 3024 1
3024 2698 1
2698 3816 1
1842 4725 1
4725 3462 1
3462 1613 1
1613 3801 1
3801 604 1
604 2943 1
2943 1917 1
1917 4703 1
4703 4578 1
4578 1795 1
4578 3951 1
3816 3245 1
3245 3675 1
3675 1458 1
1458 3710 1
3710 4226 1
4226 2502 1
2502 3381 1
1613 3191 1
3191 1534 1
2698 3103 1
3103 2557 1
2557 1638 1
1638 52 1
604 2056 1
1917 1407 1
1534 4297 1
4297 2737 1
4297 317 1
317 3664 1
2557 3962 1
3962 3059 1
1407 415 1
415 2612 1
415 4238 1
3962 78 1
4423 4570 2
4570 4169 1
4169 200 1
130 3418 2
3418 4939 1
4939 2170 1
4939 3621 1
3621 1675 1
292 1945 2
1197 1106 2
3962 1568 2
1568 886 1
1568 790 1
790 3406 1
3406 1686 1
4238 4381 2
4381 3420 1
3420 4378 1
4378 3229 1
3229 1822 1
1822 4867 1
1822 3765 1
3765 1643 1
4395 4764 2
4764 4589 1
4589 4372 1
571 4009 2
624 267 2
378 2705 2
2705 3028 1
2430 2691 2
265 2494 2
2656 2331 2
2331 580 1
2782 1302 2
4285 2913 2
3693 2135 2
2135 2506 1
2506 976 1
976 3634 1
3634 4330 1
3634 3011 1
3011 2078 1
2078 1752 1
3011 400 1
2078 3529 1
3529 2104 1
400 2229 1
2104 2106 1
2106 370 1
370 507 1
507 1639 1
1639 4081 1
4081 3433 1
4081 2845 1
2845 3919 1
3919 4975 1
4975 2615 1
2615 4904 1
4975 3507 1
4975 4401 1
4401 3586 1
3586 3771 1
3771 61 1
61 3609 1
3609 4457 1
61 4980 1
4980 1584 1
1584 47 1
1584 2527 1
2527 1494 1
1494 4698 1
4698 3560 1
4698 2812 1
2812 4045 1
4045 2291 1
2135 2158 2
2158 3398 1
3398 4616 1
4616 4820 1
3028 154 2
154 1906 1
1906 1984 1
1906 904 1
904 1792 1
1792 633 1
150 2131 2
2131 3071 1
3071 2666 1
2666 4465 1
4465 665 1
665 3889 1
4465 2185 1
2185 4937 1
3888 4501 2
4501 2268 1
2268 4287 1
4287 1559 1
2268 108 1
2268 4389 1
4389 1151 1
1151 1992 1
1992 2262 1
2262 3419 1
1559 4046 1
4046 2700 1
3419 1974 1
1974 849 1
1974 148 1
3419 4630 1
4630 1546 1
4630 99 1
2700 3346 1
3346 2107 1
2107 2776 1
3346 1997 1
1997 758 1
2107 3180 1
1546 2427 1
2427 2423 1
2427 2012 1
2423 449 1
1997 2337 1
2012 1438 1
1438 2360 1
449 1038 1
2337 36 1
36 3206 1
3206 4290 1
4290 305 1
2360 3694 1
3694 2768 1
2768 3699 1
274 4343 2
4343 2399 1
2399 1996 1
2399 3486 1
3486 2243 1
2243 3701 1
3701 4192 1
4192 2183 1
2183 523 1
523 4921 1
4921 918 1
4921 1259 1
1259 419 1
419 1631 1
523 3385 1
3385 388 1
388 4254 1
4254 1978 1
1978 2837 1
2837 1167 1
2837 4827 1
388 4743 1
4743 1815 1
1815 3637 1
4743 579 1
4827 4252 1
4252 4085 1
1815 350 1
4252 3606 1
3606 3483 1
3606 2088 1
2088 830 1
830 544 1
3606 1392 1
419 3266 2
3266 879 1
4330 3053 2
4125 2684 2
2684 1220 2
1375 86 2
3419 4902 2
4902 2400 1
2400 346 1
2400 824 1
4937 4802 2
4802 325 1
325 4856 1
4856 4002 1
325 4919 1
4919 1687 1
1687 4995 1
4995 416 1
416 2142 1
416 1854 1
1854 1567 1
1854 4107 1
4107 147 1
147 1003 1
147 4880 1
4880 3286 1
4880 247 1
247 1948 1
1948 4895 1
4895 3373 1
3373 2046 1
2046 2928 1
2928 946 1
946 3268 1
3373 3747 1
3747 2970 1
3747 434 1
3747 2378 1
2378 282 1
282 178 1
946 223 1
223 4450 1
4450 232 1
4450 698 1
2046 4469 1
4469 2826 1
2826 3077 1
3077 2269 1
247 3414 1
3414 2361 1
4895 1276 1
2269 4218 1
4218 1528 1
1528 4924 1
4924 4845 1
4845 3524 1
3524 4026 1
4026 810 1
4026 3482 1
3482 1100 1
1100 1188 1
1188 369 1
2361 3061 1
3061 1382 1
4845 1816 1
1816 1764 1
1816 2328 1
2328 958 1
2328 1052 1
1052 801 1
1052 1080 1
1080 169 1
169 3221 1
1080 3182 1
3182 690 1
3182 1226 1
1226 144 1
144 3892 1
1276 1585 1
4469 389 1
1528 4079 1
4079 1607 1
1607 645 1
645 3984 1
1585 3963 1
3963 2942 1
3061 2603 1
2603 4800 1
2603 2570 1
4845 1284 1
2570 4516 1
4516 893 1
3984 2390 1
2390 1491 1
2390 311 1
1284 1157 1
1157 4160 1
1157 3616 1
3616 2650 1
2650 3566 1
2650 3823 1
4160 1039 1
1491 102 1
3823 2301 1
1039 1351 1
4002 294 2
294 3515 1
3515 4262 1
4262 3662 1
3662 701 1
701 40 1
3662 2975 1
2975 2223 1
2223 3042 1
3042 4426 1
4426 4053 1
3042 1734 1
4053 775 1
40 368 1
368 2172 1
2172 2406 1
2406 4535 1
4053 4136 2
2172 3617 2
3617 166 1
166 1732 1
1732 2708 1
166 769 1
2708 4371 2
4371 2108 1
4371 126 1
126 1514 1
1514 4452 1
4452 4184 1
4452 4162 1
4184 4680 1
2229 3181 2
3181 512 1
2104 2596 2
4919 3365 2
3365 3776 1
3365 4153 1
4153 731 1
731 2385 1
2385 2622 1
2622 4637 1
3776 1082 2
2012 4021 2
4021 2721 2
2721 425 1
425 809 1
2721 3035 2
3035 1797 1
767 333 2
333 4430 1
333 1611 1
4430 1928 1
3820 275 2
4637 4265 2
4265 4064 1
4064 656 1
656 2203 1
656 4780 1
656 4165 1
544 2308 2
2308 429 1
429 4251 1
4251 1632 1
1632 3135 1
3135 1453 1
1632 4569 1
4569 4178 1
4569 1490 1
1490 1498 1
4178 1459 1
1459 413 1
1459 2740 1
2740 2532 1
2740 4660 1
4660 2179 1
4660 3495 1
3495 637 1
637 3249 1
3495 4636 1
1632 2126 2
2126 4355 1
4355 1636 1
1636 3567 1
3567 4446 1
3567 4808 1
4808 4531 1
4808 3665 1
3665 427 1
427 3247 1
3247 555 1
555 4232 1
4232 3527 1
555 3471 1
3471 3090 1
3090 838 1
4232 4691 1
4691 3192 1
3192 3996 1
3996 2903 1
2903 3872 1
3872 917 1
3996 2763 1
2763 619 1
2763 122 1
122 2921 1
2921 3746 1
3746 2651 1
3746 1553 1
838 2544 2
3206 1479 2
4904 876 2
876 4665 1
4665 2900 1
4665 4773 1
876 3241 1
2900 3109 1
3109 4648 1
4648 4767 1
4767 4946 1
4946 1529 1
1529 3653 1
3653 4075 1
4773 1128 2
1128 428 1
1128 989 1
989 3484 1
989 4148 1
4148 1346 1
4148 689 1
689 3233 1
3233 64 1
64 3855 1
3855 3958 1
3855 3149 1
3484 1269 2
428 1936 2
1936 808 2
808 4237 1
4237 4609 1
808 3426 1
3426 967 1
967 4411 1
4411 2658 1
2658 4520 1
4609 4640 2
4640 4314 1
4314 1884 1
1884 116 1
4640 4710 1
4710 4463 1
4710 3627 1
3627 3904 1
4463 2914 1
2914 2156 1
2156 1818 1
1818 231 1
231 3276 1
3276 4444 1
4444 2885 1
2885 1740 1
3276 356 1
2156 1789 1
4314 832 1
2885 2957 2
2957 1307 1
2957 4015 1
4015 3915 1
4015 3380 1
3380 4855 1
4855 3308 1
3308 4354 1
4855 763 1
4354 616 1
763 3983 1
616 67 1
67 2525 1
67 4379 1
4379 3015 1
3015 20 1
4457 1045 2
1045 1095 1
1045 2582 1
2582 3793 1
2582 3094 1
413 3807 2
690 3648 2
3648 2350 1
47 2660 2
2660 1388 1
1388 4236 1
4236 4439 1
4236 3709 1
3709 87 1
87 1163 1
1163 4235 1
4235 1728 1
3807 2373 2
2373 2194 1
2194 4562 1
4562 1366 1
1366 2115 1
2115 2154 1
2154 1333 1
1333 3966 1
3966 2756 1
2756 1165 1
2365 2000 2
2000 948 1
948 3243 1
3243 1426 1
1426 1360 1
3243 3806 1
1529 2039 2
2039 19 1
3094 1695 2
1695 3010 2
3010 4240 1
4240 3361 1
4240 3928 2
3928 1278 1
1278 3356 1
3356 4679 1
3356 4688 1
4688 4264 1
4688 506 1
506 1345 1
1345 4007 1
1345 1169 1
4007 4159 1
1169 3718 1
3718 1439 1
1439 2920 1
2920 180 1
2920 3259 1
3259 2706 1
2706 220 1
4159 3636 1
3636 2075 1
3718 2270 1
180 1224 1
2270 4707 1
4707 4205 1
4205 1462 1
1462 3687 1
3687 2069 1
2069 3204 1
4707 1410 1
1410 91 1
3204 4154 1
91 4824 1
4824 2897 1
4824 1874 1
1874 827 1
1462 2707 1
2707 1581 1
1581 1622 1
1278 563 2
563 4399 1
4399 4123 1
4123 704 1
4123 4405 1
4405 2929 1
4405 4649 1
4649 3386 1
4649 587 1
587 2856 1
704 395 2
395 2834 1
2834 4917 1
395 3095 1
3095 599 1
2527 112 2
112 1547 1
1547 4056 1
4056 1721 1
4056 3030 1
3030 1014 1
1014 2460 1
2460 1656 1
1656 4669 1
2460 2598 1
2598 2159 1
2598 322 1
322 2322 1
2322 4563 1
2322 3396 1
2598 1704 1
1704 711 1
1704 3850 1
3850 218 1
3850 2463 1
2463 4364 1
4364 2127 1
2127 4572 1
4572 1294 1
1294 3497 1
3497 620 1
4075 4876 2
4876 1181 1
4876 2716 1
2716 4182 1
4182 3079 1
3079 4694 1
4694 1811 1
1811 1303 1
1303 2002 1
2716 681 1
4694 3189 1
3189 2297 1
3189 1726 1
1726 4592 1
4592 3705 1
4592 2977 1
3705 2878 1
2878 4390 1
4390 2643 1
2977 1277 1
2643 1066 1
2643 4000 1
1066 4664 1
4664 4304 1
4304 3476 1
2002 3902 1
3902 4213 1
4213 3171 1
3171 3140 1
3140 1416 1
1416 2860 1
4694 2316 1
4182 1820 1
1820 1393 1
4213 1122 1
3140 831 1
4000 2366 2
2366 1325 1
1325 176 1
176 3809 1
4660 3774 2
3774 284 1
284 2384 1
284 1286 1
1286 1857 1
1857 4990 1
4990 4978 1
4978 1805 1
1805 404 1
1857 4912 1
4912 1338 1
4912 1309 1
1309 4073 1
4073 1899 1
1899 3792 1
1338 3334 1
3334 1254 1
1254 3070 1
1899 2934 1
2934 98 1
98 2521 1
2521 3336 1
3336 908 1
1254 845 1
2521 4456 1
4456 1476 1
845 802 1
802 586 1
586 2678 1
2678 1062 1
2678 3157 1
586 4499 1
4499 3880 1
3880 2201 1
1476 2064 1
2064 2564 1
2564 1893 1
2064 676 1
2564 3019 1
676 92 1
92 2323 1
2323 2018 1
2323 2682 1
2682 866 1
866 4266 1
866 4067 1
4067 266 1
147 1749 2
1749 4183 1
4183 1793 1
1793 795 1
795 3837 1
3837 2165 1
2165 2755 1
3837 1628 1
1793 688 1
1628 664 1
122 973 2
4562 680 2
1163 4168 2
4235 3734 2
3030 2470 2
3966 1913 2
587 1425 2
2934 4422 2
3070 3775 2
3775 2329 1
2329 955 1
955 2426 1
1553 2475 2
2475 1383 1
2475 2138 2
2138 1616 1
1616 3379 1
1616 3161 2
3161 2425 1
2425 1521 1
1521 4069 1
2425 2376 1
2376 524 1
2376 1925 1
1925 3858 1
3161 4027 1
1521 1374 1
1374 736 1
736 3555 1
3555 4063 1
4063 811 1
3555 3943 1
3943 1507 1
4027 107 1
107 2647 1
3943 4661 1
107 3333 1
3333 1311 1
3333 495 1
3333 3587 1
3587 213 1
213 215 1
215 474 1
474 4989 1
4989 4941 1
4941 2800 1
2800 1267 1
1267 2853 1
2800 3455 1
3455 2191 1
2191 4498 1
2853 3376 1
3376 354 1
354 142 1
142 687 1
687 4204 1
4661 3169 1
3169 4228 1
3169 3706 1
4228 1013 1
4941 4642 1
4642 4605 1
215 4590 1
4590 4522 1
4522 3285 1
3285 4376 1
4376 987 1
4376 915 1
915 1666 1
1666 1747 1
1747 4195 1
4195 2847 1
2847 995 1
995 2175 1
2175 1044 1
1044 1600 1
1600 4811 1
4811 3629 1
3629 3885 1
3629 785 1
3885 1799 1
1600 4312 1
4312 3314 1
3314 4275 1
1747 4346 1
4346 1340 1
1340 1485 1
4312 2533 1
987 557 1
557 3130 1
1340 4407 1
4407 4386 1
4407 4016 1
4386 709 1
3130 4331 1
4331 3840 1
4407 1330 1
3840 246 1
246 2787 1
246 3909 1
1330 3291 1
3291 3748 1
3748 1609 1
3748 3473 1
3473 1706 1
3909 1063 1
3473 4440 1
4440 3772 1
1063 3012 1
3012 1511 1
1511 791 1
791 1227 1
791 3057 1
3057 4194 1
4194 3978 1
3978 4485 1
1925 3912 2
1925 1141 2
1141 4462 1
1141 1661 1
524 4554 2
4554 3 2
831 1856 2
3061 1575 2
4063 4118 2
4118 735 1
4800 3944 2
3944 1930 1
218 3668 2
3668 393 1
3668 210 1
210 2416 1
2416 2488 1
2488 2030 1
2030 3959 1
3959 792 1
1224 2063 2
4154 332 2
332 2128 1
2128 80 1
2128 3764 1
3764 473 1
4204 76 2
3943 4186 2
1039 4255 2
4255 3980 1
3980 3545 1
3545 881 1
3545 171 1
3545 4076 1
4076 1131 1
1131 771 1
4076 4559 1
4559 4751 1
4559 3533 1
4751 2180 1
4751 1273 1
2201 4097 2
4097 839 1
839 2213 1
839 1214 1
1214 2981 1
2981 162 1
162 1182 1
1182 503 1
503 226 1
226 1285 1
162 4 1
1285 706 1
706 4877 1
4877 2587 1
2587 3454 1
2587 367 1
367 4776 1
2587 3598 1
3598 3097 1
3097 565 1
565 2438 1
2438 2988 1
2988 4201 1
4201 1041 1
1041 1477 1
1477 2001 1
2001 545 1
545 1200 1
1200 696 1
696 890 1
1041 3784 1
3784 1436 1
1436 3324 1
3324 79 1
79 4505 1
4505 1612 1
1436 864 1
864 754 1
864 988 1
988 716 1
1200 2956 1
2956 2753 1
2753 2685 1
2988 646 1
2001 4062 1
4062 1215 1
2988 3987 1
3987 1931 1
1931 2892 1
1200 280 1
3987 4619 1
1215 3329 1
3329 2119 1
2119 1010 1
3764 951 2
3885 477 2
477 4560 1
4560 533 1
4560 2995 1
533 4193 1
4193 2372 1
477 463 1
2372 4752 2
4752 1924 2
3019 1892 2
1622 329 2
329 3540 1
3540 3118 1
3540 965 1
3118 2472 1
2472 1362 1
1362 1733 1
1733 2895 1
2895 4923 1
2895 1999 1
1999 2389 1
4923 222 1
222 4726 1
4726 3199 1
222 3708 1
3708 2907 1
3199 2671 1
2671 375 1
2671 4748 1
4748 1204 1
3199 1384 1
2389 789 1
1384 4249 1
4249 364 1
789 4105 1
4249 4763 1
4105 2284 1
2284 2260 1
2260 1332 1
1332 3769 1
3769 1466 1
1332 1825 1
3769 4957 1
4957 4624 1
4624 4263 1
4763 1418 1
1418 493 1
4957 4792 1
4792 430 1
430 3099 1
329 1036 2
171 1949 2
3118 1908 2
2682 1692 2
375 4870 2
4870 2120 1
2120 730 1
730 615 1
615 4480 1
4480 4804 1
4804 3063 1
3063 4708 1
3063 2362 1
4480 3681 1
3681 2186 1
4067 4229 2
4229 4591 1
4591 1055 1
4275 2246 2
2246 1787 1
2246 2443 1
1787 229 2
229 530 1
530 1669 1
1669 3565 1
3565 2439 1
1669 851 1
530 4146 1
4146 2701 1
4146 2222 1
2222 1571 1
2701 4368 1
4368 4965 1
1571 651 1
651 4686 1
4686 885 1
885 2312 1
2312 4674 1
4674 3436 1
3436 840 1
4965 1213 1
840 66 1
66 4222 1
4222 1334 1
1334 1536 1
4222 3673 1
3673 4719 1
4719 3532 1
3532 4574 1
4719 1405 1
1405 636 1
636 3729 1
3729 1655 1
636 4979 1
4979 1231 1
4574 1282 1
706 4005 2
4005 2007 1
2007 2298 1
2298 3707 1
3707 3906 1
3533 3119 2
3119 634 1
634 3757 1
3757 1120 1
1120 4347 1
4347 1406 1
3757 2092 1
2092 431 1
2092 4685 1
4685 880 1
3681 3470 2
3470 3859 1
3859 1473 1
1473 956 1
956 2854 1
2854 446 1
446 2468 1
3859 2969 2
2969 3187 1
3187 3832 1
3187 2330 1
3832 136 1
136 2363 1
2363 185 1
185 1876 1
1876 2404 1
2404 448 1
185 3262 1
3262 2266 1
2266 1586 1
1586 2872 1
2872 2634 1
2634 3321 1
3321 4633 1
4633 4622 1
4633 4322 1
4322 4424 1
4322 3846 1
4424 3583 1
3846 971 1
1876 3023 1
2969 2823 1
2823 3660 1
3660 38 1
38 2072 1
2072 496 1
496 1116 1
1116 1637 1
2072 1090 1
1090 2374 1
4633 2493 2
2493 4458 2
4458 4436 1
4436 997 1
997 865 1
865 3124 1
997 4993 1
4458 4288 1
4288 4653 1
4653 1412 1
1412 1148 1
1148 4253 1
4253 4692 1
4253 1879 1
1879 399 1
399 3041 1
3041 888 1
4692 3490 1
3490 4425 1
888 2116 1
2116 1897 1
1879 1871 1
3490 4933 1
4933 4382 1
4933 673 1
4933 1724 1
1724 179 1
4692 2959 2
2959 1004 1
1004 1696 1
1696 788 2
788 1408 2
4425 2712 2
2712 2719 1
2719 2267 1
2267 979 1
2267 1894 1
2719 972 2
431 2751 2
2969 2381 2
2381 4051 1
4051 3877 1
3877 2403 1
4331 1048 2
1048 4448 1
4448 447 1
447 1123 1
447 3404 1
3404 1701 1
1701 4050 1
4050 3431 1
3431 2843 1
890 3554 2
3554 897 1
897 1987 1
1987 4277 1
897 1089 1
4277 2334 1
4277 3640 1
897 250 1
250 4676 1
4676 3343 1
3343 4293 1
4293 3961 1
3961 4786 1
4676 850 1
4293 3937 1
3937 1450 1
2403 491 2
3291 4244 2
2854 3558 2
4763 2899 2
2899 1780 1
3906 700 2
4244 541 2
541 406 1
406 3299 1
1282 1255 2
1255 4356 1
4356 3645 1
3645 3016 1
3016 3620 1
3620 2663 1
2663 4489 1
4489 4756 1
3620 3649 1
3649 857 1
857 2333 1
3649 403 1
3649 4973 1
4973 2802 1
4356 2089 1
4756 3522 1
3522 2654 1
2654 3009 1
3009 4309 1
3620 2133 1
3645 1281 1
1231 242 2
242 1823 2
3012 3684 2
3099 3534 2
3534 3412 2
3412 141 1
141 588 1
588 256 1
588 3267 1
256 3697 2
3772 3303 2
1810 4373 2
4373 1012 1
117 2632 2
452 2491 2
2491 1813 1
1813 2576 1
2576 2236 1
1 2359 2
2359 373 1
373 2982 2
2982 2605 1
2605 3853 1
3853 2689 1
2689 271 1
271 2922 1
2922 4216 1
2689 4100 1
4100 3798 1
3798 291 1
291 3354 1
3354 132 1
132 4644 1
132 1911 1
4100 1434 1
291 1288 1
132 342 1
1288 3086 1
3086 2013 1
3086 1121 1
2869 2189 2
2829 4196 2
596 3417 2
3417 3104 1
3104 2300 1
2300 4538 1
2300 89 1
4538 3273 2
2747 1640 2
1640 3341 1
2548 2327 2
3377 2141 2
2141 1207 1
2141 2038 1
2038 3345 1
2038 1758 1
1758 668 2
668 129 1
129 3972 1
3972 515 1
3345 1174 2
1174 2589 2
2589 4473 2
4473 3425 1
127 82 2
82 2694 1
2694 471 1
1318 3898 2
3898 347 1
482 4024 2
993 74 2
1448 3947 2
3947 1875 1
744 3293 2
3293 195 1
1444 4164 2
2974 1859 2
1859 2908 2
2908 1605 1
1605 4086 1
4086 1396 1
4086 4345 1
4345 3056 1
3056 3720 1
3720 1400 1
2254 2163 2
4568 3844 2
2723 1712 2
2208 1548 2
3703 54 2
54 2079 2
54 4806 2
4806 221 2
221 1433 2
660 4127 2
4127 2795 1
2795 994 1
994 4655 1
994 2709 1
2709 1272 1
1272 1596 1
1596 3277 1
3277 462 1
462 1682 1
3277 598 1
598 4746 1
4746 1235 1
1235 4750 1
1235 3936 1
1235 2530 1
2530 1327 1
1327 2198 1
2198 2415 1
2415 1865 1
2198 1252 1
1252 950 1
1252 75 1
75 257 1
257 3556 1
3556 51 1
51 3212 1
3212 2610 1
3556 3897 1
1682 68 2
68 407 1
407 2237 1
2237 1308 1
68 4166 1
4166 4404 1
4166 1882 1
1882 3332 1
3332 4646 1
4646 111 1
111 2214 1
2214 820 1
820 3000 1
3000 3875 1
3000 2003 1
2003 1880 1
1880 1755 1
820 4755 1
4755 4757 1
4757 1641 1
1641 4044 1
4044 2750 1
2750 4359 1
4755 1299 1
4359 992 1
992 96 1
4359 2781 1
4044 912 1
912 2509 1
2509 3408 1
3408 4299 1
4299 2489 1
4299 3219 1
4757 4526 1
4526 2197 1
2197 1104 1
1104 2421 1
992 3244 1
4044 3108 1
3108 109 1
4299 1903 2
1903 2703 1
1903 1860 2
1860 2238 1
1860 854 1
854 2193 1
2193 2466 1
2466 4150 1
2466 3075 1
4150 1440 1
1860 2354 1
2193 3935 2
950 2699 2
2699 1320 1
1299 1461 2
1320 2779 2
121 2302 2
1306 219 2
4565 4819 2
4819 4705 1
3641 2083 2
1440 4690 2
4690 548 1
548 3510 1
3510 1556 1
4705 1471 2
1471 3579 1
3579 2898 1
2898 1807 1
3579 4532 2
4532 4837 2
4837 3575 1
3575 3867 1
3575 1720 1
3867 299 1
299 922 1
922 1145 1
922 2282 1
2282 2952 2
2952 2551 1
1720 4466 2
2944 300 2
4837 1834 2
1807 1646 2
1646 1173 2
2551 2599 2
2952 2340 2
2779 2822 2
109 4415 2
2421 4392 2
4392 1615 1
4392 982 1
982 2810 1
2810 1653 1
1653 4852 1
4852 4147 1
1653 1769 1
982 1115 2
1115 3753 1
3753 1132 1
3108 2999 2
2498 2318 2
2318 3611 2
3306 348 2
1132 3923 2
3923 1866 1
1866 3007 1
3007 2188 2
2188 4521 1
635 1979 2
3753 175 2
175 441 2
441 131 1
131 594 1
527 4953 2
326 2665 2
4497 766 2
3453 1855 2
1855 547 2
547 1113 1
3861 190 2
4521 3439 2
3439 3663 2
1573 1919 2
1923 1394 2
652 3756 2
928 938 2
3472 4749 2
4749 4300 1
1184 2688 2
2688 925 2
3452 4586 2
3176 3111 2
3111 3040 1
3040 1614 1
445 4126 2
1614 3814 2
4586 2850 2
2687 2073 2
2073 2062 1
2073 3592 1
2730 3773 2
1452 1264 2
1264 887 2
3965 2572 2
1798 1183 2
1183 189 2
3773 901 2
901 2990 2
1659 536 2
536 2338 2
3489 2539 2
2539 4360 1
4360 3881 1
3881 241 1
4360 1326 1
901 1191 2
1191 819 2
819 4961 1
1191 765 2
765 3027 1
3027 786 2
3990 3602 2
1679 625 2
241 815 2
2865 4825 2
4825 2662 2
3213 4243 2
3910 4199 2
4199 4533 1
4533 4994 1
4994 2503 1
2503 1000 1
2503 4519 1
4519 4039 1
4519 3429 1
4519 1523 1
1523 1026 1
4039 2520 2
815 3282 2
3282 4841 2
4841 1727 2
1727 4992 1
4992 4043 1
960 2367 2
2367 4335 1
4335 4398 1
4243 953 2
953 3444 2
3444 3682 1
308 1770 2
1770 659 2
659 1451 1
1451 114 2
1770 125 2
125 4844 2
4844 3998 1
1523 4031 2
4031 4406 1
4406 59 1
4031 3712 1
3712 3469 1
3469 2933 1
2933 2230 2
2230 1176 1
301 1032 2
3712 670 2
670 1126 1
670 793 1
793 3226 1
793 4544 1
4544 2529 1
4544 3639 1
3639 546 1
3226 1980 2
4544 4500 2
4477 4926 2
1176 3347 2
3347 3863 1
3863 1532 1
1532 1617 1
3347 2121 1
2121 806 1
2121 2690 1
2690 2636 1
4863 907 2
907 823 1
197 4606 2
4606 3646 2
4722 4400 2
1024 3666 2
4847 4826 2
1572 3535 2
3535 2486 1
2486 1263 1
2486 3933 1
3933 1786 1
1786 2749 1
2749 4607 1
4607 1337 1
1337 1081 2
1081 4654 2
4654 4008 1
4008 3207 1
3207 3359 1
3359 2573 2
2573 2477 1
309 1328 2
923 4842 2
4842 3950 1
3950 2961 2
4377 3154 2
4344 2319 2
4173 4666 2
1129 1023 2
2027 2251 2
3571 3197 2
4238 3758 2
3758 1951 2
1951 361 1
361 4412 1
4412 1618 2
3115 1489 2
3406 959 2
4659 2408 2
959 1290 2
4311 715 2
2408 4872 2
4872 3496 1
3496 4052 1
4872 2182 1
2182 1681 1
2182 984 1
984 2147 1
4872 2862 2
2862 1802 1
1681 1517 2
4412 4454 2
4454 4219 2
4219 1705 1
1705 3067 1
4454 2676 2
2676 502 2
502 3852 1
1705 1956 2
1956 1742 1
1956 35 1
35 3548 1
35 2978 2
1290 3403 2
3403 3908 2
3908 454 1
3676 3316 2
583 201 2
2670 4387 2
4387 1910 1
1910 4241 1
4387 4099 1
3316 2680 2
3028 1664 2
2913 1625 2
2680 1552 2
1552 4712 2
4712 2568 1
4712 4324 2
4324 722 1
4712 1371 2
3071 4523 2
1371 4112 2
4112 2960 1
2960 4858 1
4858 1261 1
1453 4922 2
1082 2449 2
3699 2209 2
4000 58 2
58 206 2
206 4029 2
1820 3446 2
3124 4972 2
831 1124 2
3379 3319 2
2426 570 2
1408 3685 2
3685 4475 1
4475 101 1
4475 2883 1
2883 977 1
977 4793 1
977 2938 1
2938 1673 1
2938 842 1
1673 705 1
951 4291 2
3497 2247 2
448 2086 2
2086 3546 1
3546 4693 1
2086 1313 2
1313 4766 1
4766 4938 1
842 621 2
705 2420 2
1894 2130 2
2130 470 1
4 1926 2
1724 492 2
470 4227 2
492 3261 2
3261 1086 1
1086 4361 1
4361 2866 1
2866 1417 1
1417 1077 1
4361 124 1
124 3683 1
3683 1068 1
1417 3039 1
3039 258 1
3683 3504 1
3504 3868 1
3868 2101 1
2101 1942 1
3504 2659 1
2659 192 1
1942 2313 1
2313 4711 1
1077 335 2
3039 1756 2
3504 1373 2
1373 4988 1
4711 1154 2
1154 27 1
27 2504 1
2504 3224 2
3224 584 1
584 2752 1
2752 2380 1
584 4068 2
2420 2686 2
2130 1699 2
1699 3465 1
3465 1975 1
1975 797 1
1975 1379 1
797 4261 1
4261 3300 2
3300 4610 1
3546 911 2
4261 4545 2
4545 1301 2
2892 4502 2
4502 2358 1
2358 1042 1
1042 2594 1
700 1593 2
1593 2741 1
2741 3270 1
3270 2731 1
2731 3402 1
4246 1381 2
32 1136 2
1136 4113 1
1264 2139 2
2139 4618 2
4618 1424 1
4618 478 1
478 4954 1
887 3203 2
454 4510 2
4510 3001 1
3001 1872 2
454 3432 2
3432 2542 1
3432 1619 2
2756 3590 2
4721 3917 3
437 1159 3
2730 1441 3
1995 1166 3
# The total length of the MST is 5786.
