1000 1000
1600
897 802
765 992
1 521
220 380
729 969
184 887
104 641
909 378
724 582
387 583
241 294
159 198
653 369
418 692
36 901
516 623
703 971
304 394
491 525
464 219
183 648
796 287
979 395
356 702
667 743
976 908
728 134
106 380
193 214
71 920
114 587
543 817
248 537
901 739
752 364
649 626
702 444
913 681
529 959
72 196
392 738
103 119
872 900
189 65
113 260
985 228
537 217
735 785
445 636
214 196
690 553
822 392
687 425
763 216
73 525
412 155
263 205
965 825
105 153
580 218
103 255
136 641
472 872
115 607
197 19
494 577
572 5
659 259
120 421
165 194
637 577
39 900
472 4
724 577
157 304
486 261
249 312
592 411
874 397
18 70
417 512
338 679
517 997
938 328
418 793
522 745
59 561
644 532
255 57
108 413
51 284
364 300
597 646
712 470
42 730
231 459
932 569
829 138
565 766
466 673
559 678
417 618
930 751
840 184
809 639
287 550
923 341
851 209
987 252
370 29
672 601
178 603
860 6
431 114
463 588
788 712
956 895
19 575
336 860
760 835
498 737
384 110
78 925
320 755
176 690
784 848
981 653
140 840
659 262
954 812
850 431
523 495
16 233
70 352
92 520
877 280
256 260
390 24
185 400
780 51
89 253
900 760
906 730
599 565
992 243
66 531
364 590
26 380
823 787
422 605
306 298
885 562
249 965
277 124
365 56
175 144
309 765
595 215
495 884
470 176
126 536
398 181
816 114
251 328
901 674
933 206
662 507
458 601
162 735
725 217
481 591
51 791
355 646
696 540
530 165
717 346
391 114
527 898
228 779
225 819
142 849
24 494
45 172
95 207
908 510
424 78
100 166
869 456
812 254
996 341
109 402
688 501
206 905
398 124
373 313
943 515
161 657
700 898
830 795
104 427
995 219
505 95
385 64
241 196
318 927
228 428
329 606
619 535
200 707
660 574
19 292
88 872
950 788
769 779
272 563
896 267
782 400
52 857
154 293
744 473
219 972
591 238
267 209
464 467
916 814
40 625
105 820
496 54
297 264
523 570
828 418
527 299
509 269
156 663
562 900
826 471
561 416
710 828
315 864
985 230
677 25
856 782
535 41
527 832
306 49
91 824
158 618
122 357
887 969
710 138
868 536
610 118
642 9
946 958
873 931
878 549
646 733
20 180
775 547
11 771
287 103
594 135
411 406
492 989
375 201
817 933
427 116
51 69
125 687
717 688
307 594
927 643
17 638
823 482
184 525
943 161
318 226
296 419
632 478
97 697
370 915
320 797
30 371
556 847
748 272
224 746
557 151
388 264
789 211
746 663
426 688
825 744
914 811
853 235
980 951
933 349
865 252
836 585
313 392
431 751
354 656
496 601
497 885
865 976
786 300
638 211
678 152
645 281
654 187
517 633
137 139
672 692
81 507
968 84
589 398
835 944
744 331
234 931
906 99
906 691
89 234
592 768
386 927
48 730
113 255
362 942
394 33
323 165
231 290
249 820
379 775
763 813
796 688
744 701
787 339
81 566
573 363
333 650
980 382
379 783
327 432
724 722
155 47
577 386
27 827
206 406
601 659
219 86
346 963
787 823
301 558
389 565
921 412
214 590
484 283
372 812
715 787
533 871
524 109
947 551
626 843
958 917
502 176
2 538
829 479
51 820
36 130
384 647
542 288
236 26
572 609
838 977
395 60
537 919
860 484
159 486
326 116
92 518
983 95
747 501
264 798
321 301
928 395
948 469
374 875
185 636
173 22
612 568
82 149
176 633
323 335
118 339
142 901
858 124
686 604
626 951
91 637
251 709
722 889
177 95
453 363
731 626
75 33
193 849
182 59
481 505
395 289
844 537
189 391
351 876
685 667
826 466
994 767
174 716
345 352
501 799
405 923
424 480
956 308
18 828
367 499
22 452
788 556
679 978
638 30
543 322
697 368
789 691
825 653
96 169
4 287
968 99
209 392
270 855
700 288
682 757
788 394
209 265
951 888
242 588
918 785
600 305
843 78
686 667
732 472
837 426
759 494
216 969
886 486
513 275
464 886
32 942
279 932
207 920
819 449
197 427
925 798
422 457
566 107
124 988
579 651
414 337
144 320
996 721
806 509
686 960
394 408
902 363
339 108
283 849
247 480
275 862
968 697
319 224
494 133
211 763
784 315
99 618
635 786
28 130
985 715
90 68
122 992
431 152
99 404
0 36
575 275
899 542
662 217
456 846
350 668
608 824
673 707
131 308
182 160
438 166
565 218
234 377
209 356
529 999
760 529
35 334
494 624
567 846
841 22
691 881
380 298
394 53
696 215
51 878
375 489
735 630
398 659
7 607
14 536
296 465
756 21
799 249
645 365
786 485
78 476
55 458
775 449
511 160
354 252
37 730
432 462
49 830
121 56
126 826
283 422
290 38
443 780
978 87
835 763
262 913
930 317
371 394
456 572
554 811
825 281
230 256
744 970
776 555
26 902
380 1000
324 361
37 457
140 705
545 975
158 497
578 87
505 949
171 651
210 725
151 725
5 71
671 749
41 446
994 67
38 374
66 362
425 794
509 565
188 744
229 346
241 807
123 746
445 294
86 346
709 238
70 715
309 432
153 350
568 147
107 606
211 173
658 636
657 167
891 846
911 810
882 842
617 696
277 752
680 364
97 389
602 859
794 601
290 947
952 548
784 58
154 995
923 502
320 579
359 901
424 270
711 997
802 17
692 79
769 371
443 867
760 735
725 553
335 705
190 977
252 974
35 96
659 648
599 669
226 648
570 341
918 971
337 410
988 719
489 446
89 622
312 540
46 727
783 381
431 663
48 374
327 774
470 986
421 759
654 647
407 914
678 14
574 705
424 561
423 603
7 203
224 9
743 270
737 215
342 858
569 80
231 896
854 392
881 274
150 224
611 247
829 289
953 402
994 376
654 417
670 351
310 584
360 743
545 787
958 887
645 526
657 876
421 510
267 992
784 108
907 84
355 735
373 307
136 57
374 480
164 43
831 474
317 191
216 862
668 864
438 312
80 94
188 501
604 145
183 77
253 89
162 299
824 225
296 650
282 360
130 136
93 651
610 411
842 516
272 200
380 711
512 460
805 390
651 99
536 524
176 479
613 28
468 126
254 765
777 226
124 597
363 218
247 663
629 780
870 901
980 249
301 491
399 106
572 740
205 107
264 71
276 877
791 745
3 44
509 470
961 323
66 13
541 3
367 860
783 236
451 762
175 752
944 574
858 515
313 753
312 577
515 588
454 305
22 147
39 221
617 1000
545 373
704 776
376 70
326 850
997 777
611 171
528 244
745 76
449 748
519 451
15 33
730 159
338 752
306 377
974 613
67 208
986 461
984 51
221 309
901 217
776 202
388 304
136 823
70 586
260 589
36 275
623 766
434 651
208 430
28 181
42 786
389 718
246 62
770 467
62 670
684 838
562 762
832 699
274 902
284 224
181 10
500 804
467 624
454 675
54 172
546 96
958 625
505 203
687 274
360 439
634 734
968 887
495 799
585 459
391 559
684 572
569 874
375 726
187 519
400 241
382 636
28 339
260 533
233 638
497 283
76 821
17 43
707 512
533 291
662 924
540 35
185 800
599 250
525 786
769 616
27 150
251 746
180 512
969 103
149 465
386 916
976 403
960 683
606 182
664 958
796 204
993 981
3 591
230 218
66 689
834 784
840 85
529 710
597 497
503 746
652 889
661 318
983 310
691 278
182 354
235 978
248 227
958 942
508 187
160 264
877 994
48 406
78 577
806 365
765 308
801 106
887 152
114 869
462 805
146 335
850 71
312 97
989 961
730 496
838 890
761 404
573 499
810 342
766 305
707 530
303 508
327 190
660 441
749 812
937 586
837 786
657 149
573 646
800 302
832 637
882 282
41 455
781 541
487 547
537 884
767 840
391 784
29 741
225 779
243 161
54 770
637 711
609 209
46 408
512 879
45 393
851 777
538 632
317 24
869 854
909 635
384 990
419 413
421 334
882 354
185 936
123 822
337 733
30 383
831 232
952 876
316 803
342 854
124 350
569 993
894 167
317 277
847 426
691 267
450 262
311 635
889 125
146 916
548 868
989 378
99 941
945 415
433 286
960 557
636 528
239 530
695 246
807 541
673 187
499 122
140 500
448 28
625 594
634 172
151 622
551 251
252 185
356 685
471 315
932 107
533 861
327 227
107 133
459 780
11 648
592 151
147 39
870 463
324 503
325 475
124 876
416 377
751 463
752 222
778 684
19 311
544 346
228 341
169 377
120 180
24 403
21 863
442 891
325 456
83 650
622 208
216 728
275 967
190 717
879 969
90 898
970 325
243 197
666 413
265 477
283 289
880 305
842 11
195 857
468 279
507 780
177 413
507 142
69 388
859 949
46 640
846 15
965 780
903 630
192 858
106 475
147 986
780 679
998 666
536 155
635 733
625 812
145 822
644 905
209 192
853 255
832 389
961 796
168 554
426 360
411 222
525 248
208 996
928 896
661 153
741 295
886 365
797 30
186 130
935 86
322 478
31 154
867 683
950 34
927 65
84 27
288 609
276 186
294 894
81 955
737 822
940 622
877 426
342 62
556 967
839 879
444 871
723 0
553 672
34 479
738 809
506 716
418 472
902 402
55 983
357 792
494 987
413 370
103 445
122 659
412 962
227 856
522 950
857 74
312 581
243 740
390 749
455 498
912 356
900 657
28 947
449 522
934 552
582 727
998 704
385 409
355 303
955 877
943 811
641 254
82 884
994 472
323 448
660 925
494 249
581 522
196 29
43 820
272 315
546 269
710 621
368 64
614 322
632 557
824 963
501 906
847 495
67 860
633 727
784 818
976 54
339 862
84 73
681 46
388 917
315 97
228 683
853 842
4 174
398 828
136 900
423 983
84 490
532 407
907 5
224 573
60 254
434 835
327 806
881 405
412 195
503 640
568 45
482 262
219 570
90 355
159 203
28 243
694 560
341 600
256 565
172 316
509 297
150 836
793 30
241 204
916 434
845 483
169 16
745 388
586 525
433 746
729 461
679 112
712 19
712 658
275 575
974 784
562 814
310 354
844 241
248 449
365 92
932 534
108 366
922 385
582 44
821 310
196 499
422 598
209 824
255 484
88 228
958 340
41 958
694 575
198 943
23 563
725 645
787 524
701 398
599 282
443 419
282 639
918 394
236 126
218 491
300 997
409 949
337 140
906 721
715 795
353 428
47 78
72 835
292 773
923 891
746 365
309 27
694 917
422 620
734 330
801 33
16 209
672 353
349 268
765 754
753 117
181 800
886 944
324 177
717 247
758 152
302 66
179 997
674 291
306 407
311 107
130 328
6 803
371 46
70 135
800 823
944 672
312 829
615 637
697 21
574 144
173 566
902 43
562 575
334 559
982 646
666 111
664 362
914 34
408 674
861 899
186 804
570 499
322 875
826 709
897 89
854 760
655 755
803 908
329 137
466 310
473 822
111 136
183 25
861 592
389 721
180 576
214 440
765 537
314 590
936 901
369 789
661 23
233 463
931 562
290 86
562 453
908 674
279 91
389 140
373 468
861 243
43 75
683 498
302 687
778 237
588 146
26 939
861 950
91 791
512 72
568 764
525 475
127 805
256 206
945 319
675 495
252 408
260 935
907 562
312 374
490 900
521 206
528 381
155 619
862 667
381 429
121 907
595 939
401 541
145 35
551 510
530 803
918 481
738 514
42 740
889 532
639 99
738 857
480 894
165 31
250 547
151 61
453 746
0 544
977 836
579 527
345 799
330 953
279 758
157 12
497 736
234 826
835 663
372 4
556 537
726 496
83 877
248 226
312 248
770 289
83 38
816 118
838 836
70 807
283 227
819 470
653 53
986 487
406 357
181 652
895 908
147 978
474 85
204 787
333 664
75 106
703 581
915 230
107 986
36 390
903 546
861 556
289 536
733 695
894 605
346 788
202 183
455 676
269 659
462 292
13 227
89 716
809 3
946 916
679 672
996 272
908 546
518 196
82 941
891 976
545 927
453 437
110 908
113 69
567 265
361 580
493 140
986 992
144 621
907 513
983 592
785 891
138 302
86 911
243 668
886 478
284 338
916 394
245 719
153 502
984 205
772 476
345 447
157 179
67 63
693 741
346 477
631 174
470 717
84 403
74 660
881 359
998 796
443 933
204 597
125 188
802 587
354 146
725 512
326 482
265 709
222 611
185 853
785 345
260 559
748 334
218 629
693 906
114 827
839 319
423 654
197 224
931 551
60 655
62 76
137 18
785 359
319 661
212 104
5 162
663 754
496 572
72 880
477 877
706 5
886 128
659 82
42 590
324 793
935 76
870 71
94 654
121 414
4 333
208 10
495 561
454 681
132 216
560 610
783 956
615 669
774 965
441 816
244 765
299 178
842 168
250 936
512 61
39 517
84 247
217 269
809 361
950 631
267 200
240 49
155 546
718 620
510 159
125 754
614 424
932 455
592 872
81 104
933 120
311 16
58 218
285 557
579 926
187 536
125 428
585 971
974 994
590 483
843 716
927 456
139 858
912 422
420 683
216 352
803 527
59 551
745 34
107 13
960 295
549 84
413 824
746 76
817 335
559 659
741 175
806 881
32 717
302 142
89 518
185 582
735 244
133 169
278 240
873 238
225 111
12 638
935 758
714 752
784 963
100 524
137 906
404 861
312 396
2 401
604 878
674 28
121 807
888 90
46 760
18 963
871 30
600 496
479 314
938 262
276 37
476 104
634 571
965 636
967 657
728 261
535 401
289 346
207 868
436 944
627 144
906 188
866 506
684 344
510 621
296 476
348 772
270 672
342 925
308 1000
582 35
260 807
436 239
843 333
797 970
276 424
113 873
302 979
68 676
12 578
296 999
744 334
771 14
939 314
802 210
39 752
707 475
682 550
808 478
519 774
592 632
336 894
301 404
569 3
672 555
2 106
890 773
120 586
575 749
590 67
960 629
509 666
103 190
215 601
359 424
64 951
747 401
535 47
495 794
50 858
349 52
964 929
515 83
204 781
832 794
538 481
422 46
147 525
928 52
816 286
477 570
927 914
661 461
961 156
255 701
13 294
444 977
222 649
750 426
429 581
219 657
753 331
704 900
856 321
642 361
607 809
931 223
722 592
685 372
438 630
764 141
924 207
117 836
856 867
952 976
137 170
632 890
501 25
479 46
346 812
97 643
310 718
867 32
1000 241
94 437
871 858
578 484
64 385
319 611
942 270
276 770
130 598
349 321
624 519
57 660
330 845
994 640
