1000 1000
200
897 802
765 992
1 521
220 380
729 969
184 887
104 641
909 378
724 582
387 583
241 294
159 198
653 369
418 692
36 901
516 623
703 971
304 394
491 525
464 219
183 648
796 287
979 395
356 702
667 743
976 908
728 134
106 380
193 214
71 920
114 587
543 817
248 537
901 739
752 364
649 626
702 444
913 681
529 959
72 196
392 738
103 119
872 900
189 65
113 260
985 228
537 217
735 785
445 636
214 196
690 553
822 392
687 425
763 216
73 525
412 155
263 205
965 825
105 153
580 218
103 255
136 641
472 872
115 607
197 19
494 577
572 5
659 259
120 421
165 194
637 577
39 900
472 4
724 577
157 304
486 261
249 312
592 411
874 397
18 70
417 512
338 679
517 997
938 328
418 793
522 745
59 561
644 532
255 57
108 413
51 284
364 300
597 646
712 470
42 730
231 459
932 569
829 138
565 766
466 673
559 678
417 618
930 751
840 184
809 639
287 550
923 341
851 209
987 252
370 29
672 601
178 603
860 6
431 114
463 588
788 712
956 895
19 575
336 860
760 835
498 737
384 110
78 925
320 755
176 690
784 848
981 653
140 840
659 262
954 812
850 431
523 495
16 233
70 352
92 520
877 280
256 260
390 24
185 400
780 51
89 253
900 760
906 730
599 565
992 243
66 531
364 590
26 380
823 787
422 605
306 298
885 562
249 965
277 124
365 56
175 144
309 765
595 215
495 884
470 176
126 536
398 181
816 114
251 328
901 674
933 206
662 507
458 601
162 735
725 217
481 591
51 791
355 646
696 540
530 165
717 346
391 114
527 898
228 779
225 819
142 849
24 494
45 172
95 207
908 510
424 78
100 166
869 456
812 254
996 341
109 402
688 501
206 905
398 124
373 313
943 515
161 657
700 898
830 795
104 427
