#instance5000_1.txt
#area [0, max_x] x [0, max_y]
100 100
#number of points num_pt
5000
#coordinates
32 11
99 38
79 78
13 78
6 49
85 34
84 92
41 0
95 36
66 79
68 33
60 71
74 41
90 89
88 83
69 87
94 67
91 39
45 4
16 17
19 0
52 3
58 59
70 19
96 35
64 29
68 90
0 8
31 56
97 85
38 31
71 99
98 62
37 8
66 53
26 85
19 44
54 44
2 23
29 64
24 93
60 59
83 26
67 13
82 29
98 19
60 35
17 23
97 54
99 28
73 91
79 59
34 100
69 2
89 98
33 13
90 93
72 72
18 4
51 100
100 15
18 25
50 2
48 12
22 12
40 62
2 85
20 2
84 55
72 73
52 4
52 41
97 23
80 81
94 97
80 59
11 64
84 27
32 98
5 55
10 45
83 79
97 2
82 80
57 53
18 75
23 70
15 19
93 61
100 52
58 45
10 35
8 60
63 7
58 68
62 34
80 44
79 76
12 60
21 35
79 40
9 1
9 91
87 69
52 52
87 76
97 64
10 72
23 39
79 47
74 6
81 53
16 26
95 95
52 82
29 31
21 4
99 98
95 52
66 12
70 52
88 33
15 65
71 5
3 15
52 77
21 100
96 3
25 56
98 77
38 93
74 59
97 39
56 57
57 88
70 26
6 23
59 88
54 29
93 58
44 11
0 31
10 63
34 1
18 98
44 56
90 18
15 86
23 37
43 80
25 79
72 98
68 31
85 89
26 44
46 37
55 12
75 69
99 94
66 42
49 56
26 30
7 49
34 16
95 25
61 67
22 96
64 73
84 90
16 96
26 37
7 95
68 49
29 66
42 95
75 57
16 0
54 91
16 88
6 10
12 34
43 0
29 6
73 12
97 56
7 22
93 14
83 27
29 11
59 37
73 33
95 55
0 14
45 16
68 18
93 80
52 36
46 81
42 85
93 38
40 100
27 33
80 9
60 9
88 18
46 26
18 6
81 18
87 93
34 54
10 26
100 28
62 45
8 71
30 67
8 70
66 35
69 11
11 28
87 65
13 33
91 98
5 37
15 93
96 15
46 5
7 46
100 36
57 7
6 87
74 14
23 5
16 92
84 94
87 70
58 66
69 14
63 41
51 44
59 45
85 66
57 85
1 81
92 74
67 32
89 56
3 71
14 87
64 67
99 92
1 61
32 18
71 31
31 29
43 16
61 100
0 29
80 58
2 13
90 57
35 60
94 49
46 57
82 69
44 80
27 11
6 59
30 77
57 61
72 100
43 33
99 43
28 45
68 97
24 57
20 59
83 13
75 96
71 56
64 81
2 57
59 8
16 89
86 73
15 57
38 59
56 36
68 50
47 35
47 71
59 67
97 41
36 83
64 61
23 89
70 5
77 21
44 58
78 82
83 0
85 51
50 31
52 63
69 10
96 31
18 42
68 20
53 54
54 77
42 90
48 85
10 93
43 88
74 25
54 24
42 4
56 95
33 91
71 29
88 55
37 21
76 61
13 28
82 67
71 90
22 86
75 32
78 84
87 17
8 40
42 51
44 64
11 44
20 82
73 7
3 9
28 79
36 7
73 84
41 10
74 63
96 48
96 39
31 82
56 5
21 64
22 32
94 100
76 13
82 14
20 51
90 14
96 25
22 68
9 63
44 49
25 5
97 87
44 94
68 67
65 56
30 88
88 24
87 29
3 34
43 91
85 99
4 46
23 93
14 99
21 24
47 13
30 9
100 40
69 34
6 34
90 37
88 43
27 40
72 30
41 81
87 25
79 92
72 68
50 52
33 38
42 46
51 72
22 50
12 91
50 85
88 44
85 19
11 25
66 98
16 44
55 54
79 72
72 11
9 14
23 26
52 45
76 30
2 93
15 59
31 2
3 80
84 54
65 61
45 31
24 61
41 46
82 19
17 53
97 93
33 87
18 86
31 60
82 100
25 50
32 28
96 82
48 60
42 93
91 32
19 32
78 0
17 61
20 14
19 53
0 37
4 98
64 87
64 15
15 89
31 47
28 30
87 36
89 43
35 7
41 12
75 59
40 95
39 59
47 5
63 52
2 26
4 66
7 19
20 39
33 2
31 61
99 84
64 53
27 99
61 34
77 35
93 16
42 42
36 4
94 5
37 3
84 58
8 83
26 40
43 92
23 73
44 16
37 71
51 14
5 9
97 0
41 38
9 43
8 69
48 4
33 52
9 83
65 1
22 74
93 12
47 37
95 84
74 11
64 80
21 61
46 28
65 21
37 74
91 86
44 23
3 18
5 12
1 36
80 23
9 73
1 22
76 63
73 49
74 36
95 61
89 28
28 93
7 47
30 12
59 98
14 38
20 24
77 89
46 18
51 85
68 91
21 28
52 50
35 6
99 78
48 42
90 56
89 86
34 13
49 49
18 69
39 95
23 51
13 74
36 47
65 23
75 83
73 77
89 84
6 88
61 54
29 16
9 85
68 10
98 16
59 15
86 98
77 75
48 56
49 50
2 80
73 43
62 12
19 50
3 56
46 100
73 21
84 40
31 81
57 90
63 8
53 39
49 68
95 64
17 63
43 57
5 71
69 92
88 30
83 91
86 28
56 24
16 39
87 54
3 49
28 56
88 77
90 48
41 74
10 50
30 82
21 65
39 75
95 22
31 46
71 32
93 1
46 79
21 49
27 49
71 81
25 61
28 32
0 4
83 30
10 55
13 41
0 30
28 71
28 21
38 74
66 59
89 94
74 60
74 100
98 53
73 80
83 59
15 43
51 25
98 64
67 98
60 61
35 89
48 39
28 14
65 84
74 38
43 47
37 96
82 35
48 55
81 97
80 97
5 30
21 2
95 54
66 20
15 67
8 29
6 3
43 71
87 83
30 79
57 11
80 71
32 60
67 12
22 72
42 10
40 2
64 72
23 45
5 98
75 78
0 84
14 53
67 89
48 63
67 71
40 46
41 73
73 74
85 95
11 93
4 51
90 85
80 95
82 20
72 49
4 86
68 37
40 16
66 7
53 5
19 95
44 92
68 95
53 80
88 57
97 49
58 52
33 4
12 81
24 84
96 95
35 64
98 76
46 63
49 99
69 68
60 27
7 12
73 61
35 35
9 60
88 8
64 100
50 51
15 51
14 12
93 60
76 41
58 10
76 17
89 1
10 62
13 83
22 14
17 98
40 71
72 3
37 27
58 87
78 73
3 58
51 63
17 93
70 41
2 45
24 92
46 34
53 25
16 42
6 0
5 46
71 78
50 7
4 74
60 82
12 30
39 63
93 22
56 62
29 24
7 54
88 1
45 71
43 51
71 48
97 7
25 12
82 96
52 7
43 64
37 48
94 29
70 15
58 100
5 31
19 88
50 73
89 95
43 98
11 80
11 75
88 3
53 35
99 5
42 8
35 80
75 26
76 32
92 82
63 10
35 13
83 90
74 93
87 52
72 64
93 25
33 45
60 99
6 52
48 62
46 89
54 22
21 45
70 50
29 71
94 70
29 46
21 0
93 9
58 18
74 75
20 80
93 34
23 96
26 10
6 96
60 95
66 56
65 25
25 94
37 12
60 13
92 18
89 15
37 62
56 23
41 48
58 48
87 47
9 79
57 16
41 83
10 6
4 41
32 96
0 69
7 26
48 99
45 36
14 82
64 36
4 4
85 28
19 71
75 28
15 98
10 56
81 87
29 51
27 61
47 94
96 54
20 10
19 31
12 100
12 77
35 16
47 19
45 66
56 86
95 72
84 71
94 30
58 22
81 51
49 27
45 11
48 31
21 33
62 33
32 40
9 33
53 67
89 75
19 49
12 2
20 6
32 44
95 78
73 5
89 87
36 76
19 64
8 51
3 85
50 26
7 2
59 62
44 78
11 56
80 98
62 78
41 57
23 35
0 62
7 89
48 9
74 4
84 43
89 33
35 62
2 95
91 46
38 1
68 85
65 97
62 5
53 51
6 53
12 13
7 60
93 29
41 76
72 97
76 7
24 78
68 14
90 5
82 23
90 46
19 18
17 72
69 24
24 48
3 98
7 93
34 0
88 42
42 60
4 84
33 95
61 0
9 16
72 91
3 59
46 20
98 14
10 88
62 14
86 36
73 86
2 61
94 10
87 98
95 19
59 21
86 68
38 57
24 44
85 27
69 30
48 32
11 58
38 72
57 43
4 17
81 48
76 39
69 61
6 73
84 98
16 69
24 52
65 38
84 76
63 70
82 0
41 56
44 65
66 48
38 28
67 80
68 1
40 40
75 91
37 57
25 62
75 90
66 25
95 13
96 36
35 39
67 0
88 14
86 92
42 18
72 9
20 78
50 61
68 87
14 93
49 81
17 81
60 70
80 61
9 46
62 97
54 2
32 25
11 52
3 27
79 37
14 96
30 95
54 45
41 37
92 16
86 95
78 95
7 39
57 67
19 11
35 51
69 72
40 47
9 20
8 5
15 63
50 22
38 47
24 24
8 1
85 15
7 8
48 26
86 84
77 54
63 45
26 2
58 35
90 66
6 71
7 53
21 15
20 72
30 27
80 45
95 96
86 57
6 78
25 64
12 14
85 91
51 35
54 96
74 40
68 13
15 87
10 9
49 62
32 21
39 57
52 17
72 48
1 56
38 7
100 56
8 74
14 28
35 54
69 69
91 2
48 72
55 58
47 70
20 79
92 25
36 43
43 74
57 44
52 96
35 30
21 71
51 90
39 7
80 79
49 30
72 6
56 74
47 72
8 42
32 26
19 39
9 96
29 14
3 53
0 49
31 10
7 79
18 29
52 33
94 65
4 68
74 3
95 77
52 13
15 97
53 91
93 48
4 62
77 98
82 17
97 28
84 14
28 43
80 99
10 53
1 71
29 53
84 11
16 2
68 75
2 16
81 91
96 57
51 61
73 79
78 81
71 45
51 66
43 81
3 11
50 57
36 59
16 97
39 27
21 91
89 60
69 58
78 12
4 14
58 56
46 22
2 60
0 23
80 16
75 81
99 91
43 38
18 30
28 73
90 63
97 33
76 1
13 100
23 60
88 46
72 15
79 52
31 24
34 72
63 13
86 100
94 48
33 35
49 46
34 38
72 21
84 87
77 56
1 21
74 99
45 7
37 15
5 100
95 42
12 4
4 65
11 3
100 27
49 100
65 88
20 15
37 42
84 10
6 95
76 55
97 20
75 35
84 79
100 62
82 66
65 53
51 86
34 24
14 71
66 65
47 73
59 97
82 1
52 91
72 14
10 12
49 61
92 15
22 39
81 10
97 30
0 9
42 14
48 67
10 97
68 28
87 39
52 58
90 9
73 11
14 19
88 84
13 46
38 80
22 46
60 36
13 37
32 81
65 18
87 74
82 4
99 71
80 37
49 94
57 2
43 21
52 46
92 53
16 11
7 48
59 39
67 45
79 14
49 77
51 28
14 100
88 71
69 31
58 20
43 5
52 0
58 29
81 23
66 97
34 74
44 93
79 77
3 57
91 52
34 42
46 14
7 34
51 76
31 8
97 74
80 14
40 4
43 20
27 8
48 27
3 90
8 50
2 54
64 9
54 81
52 85
89 14
24 34
28 65
38 37
51 31
11 34
59 26
18 97
0 68
57 75
84 25
29 47
1 83
94 53
34 82
67 58
83 61
89 20
64 6
40 77
67 33
88 52
29 54
86 87
29 70
78 24
31 6
24 64
27 54
92 45
96 98
88 28
30 41
80 60
61 32
12 56
1 90
80 84
69 53
26 66
25 51
30 56
23 20
42 16
41 33
61 2
55 77
53 16
8 65
38 76
21 18
37 18
69 17
85 58
4 93
75 11
92 1
13 89
16 9
16 37
52 35
53 26
0 92
1 88
76 94
11 97
6 46
14 57
49 78
96 41
80 75
29 96
32 36
47 52
62 13
9 30
67 51
23 76
29 34
72 1
80 52
59 49
2 7
27 64
14 6
38 10
68 89
88 66
24 0
84 52
13 59
48 46
9 71
71 60
6 16
78 31
66 81
44 19
65 49
96 99
37 83
79 63
73 27
76 83
64 97
22 59
17 0
56 83
81 61
41 91
39 41
3 76
90 34
2 39
14 48
2 87
35 4
40 89
39 29
13 57
29 36
5 76
97 47
32 42
52 72
49 22
13 38
22 16
78 36
64 46
89 4
90 91
8 96
45 14
24 58
37 19
60 8
95 56
55 94
64 74
65 12
17 84
86 90
6 40
60 62
30 35
23 75
15 48
33 59
82 82
88 45
55 52
24 16
66 22
1 17
11 74
23 72
73 58
95 88
72 60
5 5
86 31
100 67
12 87
11 67
4 35
49 66
42 81
98 100
16 21
37 51
41 9
62 68
18 47
13 11
70 91
44 40
93 94
40 94
78 4
59 60
92 96
78 32
71 53
33 33
66 61
0 85
7 100
34 87
10 4
78 20
10 36
70 20
10 13
24 69
74 15
31 51
13 1
3 12
1 35
74 1
86 47
67 20
34 77
91 78
64 0
13 43
17 83
63 94
63 53
28 36
34 59
27 56
60 28
91 100
96 43
63 80
5 53
57 69
19 36
12 36
86 41
61 24
84 95
49 36
92 68
36 48
91 12
61 19
93 66
38 15
1 58
52 80
60 3
20 56
51 81
36 84
51 39
41 84
37 99
17 54
36 31
80 54
10 39
57 30
61 7
34 43
2 37
36 19
42 43
41 64
77 25
85 6
47 20
3 26
74 13
31 30
10 59
3 54
73 65
19 41
68 55
60 10
64 28
58 99
30 42
5 77
62 75
69 1
89 66
31 65
18 56
10 91
87 96
98 55
16 23
51 87
86 8
85 82
17 56
24 79
98 59
81 86
50 49
79 34
71 55
51 88
78 67
10 75
47 61
35 79
46 52
0 70
98 98
83 19
21 99
32 4
55 22
27 5
76 5
38 86
46 86
12 74
50 14
52 97
66 52
32 29
50 27
73 99
12 95
16 14
51 43
86 26
48 91
42 24
34 92
54 71
3 87
66 19
80 39
33 48
76 19
74 26
28 25
19 77
82 31
37 23
21 37
15 26
89 69
63 92
67 62
76 27
25 17
12 65
44 41
56 63
84 38
60 87
61 47
23 42
39 11
78 1
69 99
97 46
66 29
74 23
62 15
17 87
33 96
17 77
36 39
5 86
43 31
72 71
44 95
12 84
72 90
51 41
89 47
87 20
77 27
9 38
42 26
91 75
17 24
12 89
10 22
86 82
93 30
43 4
61 30
78 75
35 20
1 44
58 9
37 14
85 59
88 68
83 66
57 59
7 80
38 50
51 17
30 11
48 52
93 92
93 27
11 94
71 69
2 74
49 53
21 82
6 56
35 91
63 21
78 55
12 70
48 90
29 86
24 98
59 73
51 58
8 38
82 11
99 33
25 33
90 54
52 64
13 81
51 91
36 30
26 50
19 55
35 44
53 61
83 70
18 58
0 21
34 99
20 25
98 10
80 49
40 93
30 91
50 32
20 76
82 6
98 84
50 16
44 32
56 25
46 51
54 66
77 52
76 22
0 82
14 30
73 64
99 3
60 14
19 70
13 71
98 69
96 14
25 41
31 45
6 74
96 64
60 69
6 89
28 12
99 26
82 24
7 0
94 87
37 91
55 32
71 46
39 68
58 12
42 54
27 3
84 57
46 44
93 53
32 20
31 97
20 86
80 13
72 17
70 94
49 40
7 63
67 15
86 67
16 31
10 8
50 8
28 82
4 7
93 40
3 65
57 73
24 73
12 29
27 87
1 76
53 53
44 34
27 72
82 99
45 42
89 38
83 93
69 5
65 93
44 44
30 80
97 98
51 30
85 1
15 28
35 42
66 17
6 11
59 96
15 7
54 84
13 18
42 57
28 29
95 24
22 97
6 39
26 91
40 41
50 84
61 84
17 76
91 71
25 3
56 33
27 84
63 88
44 97
34 50
35 27
6 75
68 24
15 84
75 40
40 1
23 23
78 13
95 69
84 50
2 10
100 31
98 74
69 7
70 69
58 71
45 30
55 27
13 96
67 53
97 90
43 40
69 37
76 52
53 78
28 52
75 92
26 9
78 23
33 40
53 44
70 74
71 83
69 3
2 32
93 45
82 13
80 34
52 31
66 78
40 31
6 85
54 39
24 7
83 94
76 16
23 44
14 83
89 52
36 89
97 89
20 29
60 38
10 81
43 34
54 26
27 0
83 35
84 69
15 60
71 47
83 7
62 55
48 68
99 58
14 7
93 68
100 86
68 11
21 51
13 97
36 28
23 6
75 5
13 10
84 75
31 92
1 79
25 66
3 39
73 62
73 73
47 40
50 35
57 63
36 71
26 38
44 6
83 3
65 13
61 66
59 52
31 28
57 4
90 29
43 2
36 93
37 93
29 48
77 61
67 83
45 49
52 9
28 80
42 87
31 73
81 89
77 70
17 86
73 19
12 0
14 58
68 43
92 90
83 43
66 11
89 74
64 20
46 45
81 58
75 53
78 19
29 56
86 10
63 100
8 13
31 100
69 81
9 34
92 64
7 21
84 20
32 24
9 13
83 50
70 27
82 55
37 44
21 5
41 29
18 73
96 87
53 71
88 10
34 61
98 85
8 56
9 57
6 7
83 76
30 72
8 17
77 15
13 61
88 75
48 6
45 1
83 45
62 47
61 71
25 44
46 60
7 43
32 82
26 75
98 39
36 51
13 50
51 73
36 12
21 62
35 87
57 72
73 70
98 46
79 29
95 4
71 92
8 90
14 73
5 50
81 73
19 83
59 65
11 82
2 50
62 62
96 56
33 66
38 22
20 12
28 50
58 47
32 35
95 35
51 79
1 12
40 97
82 33
36 81
60 57
59 58
14 88
7 97
63 29
30 87
42 63
88 37
64 38
50 21
27 85
61 56
100 8
56 35
55 15
58 14
68 81
76 66
83 85
95 70
55 23
90 82
75 16
25 60
75 80
75 100
72 27
60 73
23 36
4 5
87 99
75 74
22 48
76 77
48 96
52 39
55 26
85 96
25 45
75 63
38 35
2 62
71 6
33 23
72 75
97 94
22 38
37 26
69 28
38 83
23 56
21 44
49 6
5 40
17 80
3 55
14 5
83 51
78 16
74 49
91 70
5 43
40 9
25 29
66 13
73 81
20 36
95 40
55 39
56 96
88 12
57 5
8 62
48 48
38 39
43 70
52 15
50 71
25 70
60 30
53 20
36 74
35 47
70 67
9 26
72 18
55 19
32 59
58 76
28 10
57 78
47 83
98 73
16 16
94 18
90 52
76 25
65 11
58 75
37 29
14 91
16 72
66 10
88 62
48 69
74 64
85 33
82 40
86 23
31 50
34 89
91 37
84 83
40 78
36 5
89 50
61 42
11 32
9 59
67 50
89 17
83 36
51 93
10 41
30 60
58 30
1 23
61 41
91 35
11 40
71 1
74 97
23 24
89 100
66 85
59 56
42 83
86 78
67 52
39 77
6 18
71 63
19 48
2 91
16 77
67 41
4 99
54 34
79 5
78 87
59 11
76 43
50 82
62 87
45 47
1 13
37 17
56 90
22 23
31 26
21 23
21 42
23 100
47 68
87 72
79 91
46 54
34 62
36 62
15 47
8 16
26 46
33 83
1 55
5 32
47 93
21 68
34 11
68 48
79 20
19 57
10 31
10 44
94 12
5 8
25 81
93 23
0 94
78 72
26 24
64 13
91 25
12 69
63 2
81 38
97 73
18 87
91 10
62 96
43 25
76 0
26 1
35 37
100 26
59 28
95 92
50 42
29 12
14 47
99 4
23 7
95 93
26 22
13 30
96 61
71 97
99 36
90 23
64 50
14 80
92 43
92 5
76 45
63 36
38 89
58 93
22 93
47 84
48 36
7 78
86 88
58 44
31 49
15 53
5 92
99 34
27 2
23 52
95 12
23 83
4 30
66 91
74 55
100 0
35 57
10 66
72 25
85 43
16 49
78 10
51 67
79 51
81 60
40 88
72 13
9 53
61 8
19 96
65 29
54 11
27 23
90 75
90 68
17 38
42 23
37 34
33 64
8 52
81 52
42 0
32 48
72 16
52 14
39 78
95 76
78 94
5 87
25 92
58 78
87 62
33 29
78 33
94 1
22 26
49 95
42 68
45 69
28 28
75 73
30 6
100 88
84 53
83 42
61 72
34 76
32 76
43 6
22 54
41 11
43 69
6 84
7 31
50 3
37 16
91 88
35 73
32 19
91 59
91 24
34 22
98 35
66 40
70 72
24 77
2 40
46 6
22 37
76 97
32 73
61 53
9 22
7 7
23 40
13 94
11 37
44 83
53 32
86 12
90 61
75 62
34 56
24 66
28 11
98 56
31 7
78 38
81 0
60 56
2 41
45 55
73 30
33 28
63 81
89 58
92 86
13 22
59 57
27 39
57 71
33 84
71 24
15 9
4 43
21 60
100 51
8 99
87 32
71 67
51 70
50 9
100 29
71 36
19 52
33 16
48 54
76 47
4 83
0 12
81 40
100 33
13 8
77 30
79 26
39 44
22 76
81 41
13 27
8 61
47 50
75 18
32 75
97 79
14 97
12 52
5 25
27 48
21 72
2 96
3 63
88 16
44 2
20 44
59 17
23 74
80 1
92 51
93 18
100 13
90 74
39 5
70 7
67 39
36 55
56 92
16 100
95 28
84 81
73 42
82 43
63 74
95 21
92 60
0 48
100 39
19 35
13 86
6 29
7 23
95 1
17 78
17 1
55 46
41 15
75 67
47 74
73 66
8 86
17 49
0 24
78 7
13 73
75 30
16 90
87 2
1 3
4 22
50 45
44 79
16 57
19 89
40 6
42 6
81 9
5 41
10 92
34 78
25 38
16 76
93 35
77 84
57 57
59 82
78 64
23 55
22 33
66 84
47 66
3 20
7 20
63 67
21 93
48 16
29 1
54 5
51 10
28 9
59 72
39 48
26 61
81 59
10 27
24 71
65 95
58 73
5 1
79 53
85 74
20 38
48 73
12 73
11 51
20 37
79 0
62 89
27 53
26 59
31 27
36 2
95 81
21 79
55 41
39 56
3 50
6 91
91 15
68 32
48 40
7 84
30 63
47 85
70 29
85 13
60 90
20 92
93 77
61 6
97 70
87 10
94 17
28 23
46 75
75 15
70 25
95 30
14 29
26 53
71 12
10 29
94 50
56 56
86 43
66 96
2 25
79 30
14 25
71 89
6 41
37 94
97 63
12 67
62 63
39 21
79 95
43 65
37 75
26 6
66 4
96 7
35 2
70 51
41 32
66 54
9 27
83 48
93 46
100 85
52 65
11 17
27 13
92 35
55 18
91 30
78 27
51 60
99 16
38 33
38 99
54 97
0 7
33 55
25 24
86 37
30 31
82 48
57 80
64 33
45 34
40 66
30 40
61 64
54 12
68 84
42 98
70 99
53 100
11 60
98 23
95 37
55 91
20 3
57 40
16 24
89 3
47 100
82 61
42 45
16 53
5 80
42 66
56 59
90 77
37 6
76 82
58 83
65 99
58 46
25 100
91 8
19 62
88 27
27 71
91 84
96 80
93 8
69 97
81 3
39 16
62 35
29 18
81 98
41 7
34 98
57 29
54 36
58 89
59 87
61 10
26 7
9 58
72 85
38 18
82 79
26 15
43 83
11 87
32 31
60 44
40 21
54 37
87 46
100 87
39 38
71 77
56 53
34 65
31 11
17 29
42 5
93 10
38 32
36 85
4 47
66 71
100 72
75 70
89 2
45 90
33 76
0 50
71 9
22 21
31 41
13 29
80 4
62 11
41 27
49 15
11 86
32 56
98 41
50 70
55 53
85 87
82 94
79 61
38 4
33 88
86 96
81 15
19 21
47 17
63 96
51 12
65 6
66 15
45 40
19 90
67 84
96 4
88 95
58 74
37 37
57 56
59 3
39 88
65 91
100 97
63 31
11 21
27 77
46 94
69 22
63 90
63 86
46 88
75 20
41 40
16 3
72 28
91 28
37 7
10 73
96 97
98 24
10 99
13 66
49 54
97 84
0 98
42 44
27 46
51 3
18 12
0 15
17 21
76 64
55 70
1 95
65 27
74 31
24 82
41 18
27 58
70 88
27 73
6 35
85 90
93 43
91 34
51 21
28 91
70 100
10 54
45 3
26 18
38 11
7 61
40 96
24 32
5 58
4 0
62 40
66 46
98 43
46 93
27 51
70 34
78 9
97 1
41 1
63 84
68 46
35 97
80 63
22 43
5 89
52 18
82 45
46 46
27 42
13 34
9 39
22 98
85 57
95 32
63 58
8 8
51 59
86 70
77 67
14 11
68 70
78 77
8 7
72 66
20 32
64 83
90 39
57 42
43 43
55 24
50 10
49 85
47 26
61 21
0 42
18 72
70 38
53 59
77 9
83 68
33 93
83 31
59 32
16 54
0 44
52 26
38 26
30 7
32 6
32 17
99 9
72 81
40 30
80 47
4 96
1 4
4 58
50 65
15 80
13 47
45 70
43 78
53 42
53 24
89 93
39 92
15 66
59 50
74 8
54 60
90 28
18 36
34 5
80 92
23 61
69 59
32 3
88 21
71 98
21 41
71 84
41 17
79 65
62 38
81 46
27 66
32 22
47 64
92 0
35 48
3 72
66 16
29 10
81 32
33 8
71 13
55 64
45 53
86 58
83 77
58 33
48 35
92 10
8 66
58 50
3 95
30 58
59 75
77 44
33 25
50 6
53 47
32 45
77 53
47 25
14 23
64 10
48 22
86 24
33 85
50 20
41 75
81 92
36 26
18 79
80 66
3 24
30 23
27 10
13 92
80 73
23 67
99 30
41 3
88 88
95 57
84 85
16 45
53 12
34 81
22 47
38 9
74 17
82 25
63 71
58 61
1 66
64 89
19 24
87 95
6 77
64 40
54 27
62 27
47 77
34 48
8 64
2 27
55 13
12 41
75 14
69 98
66 41
14 1
90 76
28 0
51 13
73 98
56 73
3 13
91 58
27 70
99 1
84 34
65 16
11 22
68 92
67 18
91 85
98 63
48 53
16 5
39 73
63 66
42 27
61 99
8 2
70 86
24 3
78 14
99 17
61 96
47 9
48 49
20 74
2 49
70 3
70 78
5 39
29 29
9 36
84 7
2 33
19 16
46 68
95 15
16 67
72 62
47 34
62 90
7 37
93 91
45 12
45 20
30 59
40 42
26 34
23 8
66 39
43 94
81 14
84 22
91 42
12 35
14 65
99 44
87 15
73 9
90 40
92 55
45 0
14 92
15 40
85 30
59 34
52 49
50 96
12 61
97 51
37 86
57 95
7 1
93 76
27 78
72 87
11 90
35 88
86 52
68 57
91 80
85 88
30 21
73 88
55 42
92 56
81 2
46 16
56 31
73 37
4 57
24 1
55 25
9 9
23 18
40 52
84 86
84 68
77 41
84 23
67 23
27 37
80 17
4 24
15 91
35 15
67 24
39 74
91 89
25 91
60 75
16 8
26 83
31 53
49 83
7 50
99 41
75 98
79 80
37 35
68 29
26 27
3 51
30 19
59 23
68 79
78 35
84 70
43 48
10 84
46 56
63 49
57 97
78 49
82 51
30 99
50 93
57 100
62 66
49 60
61 78
74 53
33 30
0 99
16 33
23 25
0 71
42 55
86 72
19 1
1 93
42 49
98 58
8 58
35 83
75 9
39 1
6 21
35 96
46 1
67 88
57 18
26 42
85 21
14 27
36 11
85 10
69 86
84 100
20 30
52 32
32 85
87 55
2 12
63 22
9 15
26 92
77 81
38 38
75 21
37 70
44 24
22 65
46 8
86 14
87 48
96 12
24 28
94 11
56 71
92 94
1 69
87 24
33 99
99 18
12 86
32 15
6 28
28 8
97 18
29 59
27 88
52 1
53 33
12 55
24 81
90 10
71 22
48 3
86 44
31 13
13 93
72 37
14 9
50 89
78 22
76 99
61 79
91 60
90 90
95 41
33 22
54 30
35 67
18 64
79 99
73 95
53 17
16 29
15 44
74 5
3 48
63 59
0 36
29 45
42 74
43 15
34 97
99 51
92 13
95 65
85 64
79 48
18 16
97 62
63 23
40 92
69 49
32 78
30 66
74 28
62 92
7 41
5 97
23 77
59 61
89 54
78 96
12 12
91 40
68 59
30 4
71 19
47 22
5 70
100 17
49 69
27 30
57 96
20 55
70 16
59 7
96 29
77 45
13 2
49 18
73 48
94 72
64 62
65 55
62 30
96 23
34 39
23 13
97 25
68 19
86 27
90 44
39 82
54 57
60 86
11 54
85 37
29 9
48 17
12 72
30 8
63 65
95 48
30 81
96 69
28 15
92 54
8 76
75 93
13 3
67 16
72 79
88 2
33 47
64 24
65 60
95 66
75 87
20 42
22 28
17 97
87 97
67 54
36 23
92 30
5 24
44 70
15 8
96 53
34 91
16 65
32 0
39 14
93 75
38 36
33 70
20 77
5 35
51 68
88 85
58 5
59 0
10 42
94 4
19 43
39 23
80 70
52 12
40 72
55 11
79 60
56 2
69 42
22 66
50 64
91 9
69 41
84 47
77 29
16 95
41 22
33 62
0 5
66 89
48 98
83 21
56 39
31 91
44 63
93 0
81 100
22 13
34 51
84 82
44 12
74 66
51 71
22 30
60 93
18 18
59 100
17 82
79 45
36 98
40 70
17 62
42 82
14 52
94 55
85 11
92 6
41 67
39 67
26 57
85 85
22 69
32 1
13 35
65 19
4 13
8 22
70 56
69 29
40 68
25 48
1 30
14 94
44 76
0 43
43 13
78 8
100 48
88 7
70 28
24 5
84 59
35 26
78 41
95 2
89 62
55 87
35 65
28 35
7 72
14 85
80 80
33 67
54 69
41 45
2 76
71 80
93 81
41 13
33 42
45 62
43 52
33 57
3 79
3 2
45 57
37 5
0 78
48 2
74 44
77 14
57 76
22 1
37 65
20 70
88 23
92 59
47 28
6 81
49 25
27 19
93 67
63 35
10 69
54 14
11 20
23 59
48 20
5 54
68 21
84 73
40 49
77 87
1 54
61 17
76 90
82 54
9 72
12 57
92 84
11 59
71 57
61 55
96 47
55 30
98 11
78 40
0 60
94 9
98 72
21 43
48 93
66 75
96 16
83 16
46 76
59 63
36 57
97 40
40 90
15 37
92 48
91 5
40 23
80 87
17 34
97 12
50 79
29 63
21 88
25 57
44 66
96 21
80 89
69 38
37 25
43 77
14 90
44 39
37 39
9 64
96 72
79 97
11 70
23 0
39 99
38 41
23 30
56 43
22 51
14 40
59 74
92 37
37 69
25 77
46 50
49 8
38 87
65 50
38 73
12 27
96 92
25 22
61 37
38 63
39 86
0 41
28 97
3 66
69 4
31 96
87 88
82 47
92 87
77 68
39 13
0 32
40 60
13 87
48 44
71 35
99 52
38 91
22 36
31 89
34 29
93 74
55 93
49 12
100 75
19 10
48 84
28 63
53 96
77 90
1 65
25 99
19 26
61 63
44 60
3 84
73 89
60 88
72 54
50 44
53 69
60 50
56 76
54 0
34 58
12 9
60 85
63 9
95 16
75 72
71 26
64 27
74 20
4 48
9 66
30 54
66 8
57 6
53 62
34 8
24 65
35 92
92 57
98 82
4 6
26 79
52 88
58 4
50 97
4 27
18 63
67 69
1 75
29 75
19 76
14 3
38 48
46 24
53 19
87 82
56 97
13 99
19 46
21 16
61 28
22 55
36 8
30 16
59 84
8 11
65 64
91 61
43 85
94 34
14 54
28 3
8 30
78 5
46 55
40 76
76 23
68 45
41 24
1 15
71 95
48 43
20 22
61 98
98 86
84 39
76 67
88 9
81 34
68 42
24 89
64 64
61 18
94 36
45 97
42 78
28 74
0 97
71 18
12 98
84 96
88 31
17 65
36 38
22 24
93 4
70 59
0 87
5 95
0 34
42 32
64 52
55 66
56 17
82 78
7 40
99 14
76 87
75 42
96 65
7 94
5 18
80 20
26 86
59 68
90 15
47 53
70 55
49 72
3 61
11 76
79 58
96 6
2 29
64 95
15 22
28 53
56 38
78 91
76 34
6 90
10 100
18 59
72 58
71 74
88 35
34 69
23 63
88 79
36 9
84 1
33 20
90 19
35 52
84 6
47 30
55 81
65 79
9 18
50 59
91 50
18 23
8 72
78 2
32 67
11 47
90 31
60 41
79 94
57 45
44 47
96 28
37 32
3 47
97 15
38 95
48 76
57 26
22 71
27 79
68 53
19 47
46 77
90 53
18 26
38 20
80 27
28 68
64 55
46 32
45 54
10 98
22 95
91 73
81 95
1 94
37 90
98 7
92 77
34 20
44 98
96 49
22 6
70 97
9 80
60 31
74 50
81 78
67 86
24 25
28 58
11 39
21 52
96 84
46 99
1 63
87 79
98 97
57 65
46 47
1 92
45 84
39 18
17 100
2 94
49 41
36 17
80 90
15 14
63 12
77 22
33 78
61 90
37 4
47 43
3 23
29 81
24 91
72 52
33 90
17 60
44 73
39 66
11 26
90 88
45 6
30 74
95 7
1 86
65 39
37 98
28 20
41 61
26 8
62 99
51 6
4 29
55 0
2 15
0 73
9 3
36 37
10 40
67 14
64 59
41 51
88 78
60 80
26 26
18 35
79 83
94 28
0 27
33 26
18 37
71 72
22 53
67 7
88 97
61 60
16 6
8 77
3 43
6 37
15 20
37 100
71 38
50 98
45 39
46 4
64 58
79 38
34 80
12 37
89 51
92 95
88 73
99 8
73 87
65 31
94 6
64 49
62 98
95 75
0 83
92 58
31 57
36 69
44 69
14 16
55 34
89 22
51 51
86 11
92 52
95 49
95 29
42 21
43 59
77 60
76 62
13 65
15 90
2 75
96 63
71 37
84 66
22 73
76 56
49 86
95 46
67 36
5 99
31 86
75 99
61 57
74 10
23 62
49 65
9 44
30 92
39 17
66 26
54 93
2 38
55 51
18 24
0 76
60 20
15 56
12 53
21 89
39 87
81 93
46 30
86 48
34 40
66 37
23 64
4 53
25 9
39 3
63 89
77 64
36 58
54 7
97 88
13 62
17 28
96 9
79 33
90 55
33 43
97 42
57 54
67 65
35 90
77 69
35 61
63 97
98 48
18 82
17 51
67 6
15 0
66 76
65 24
35 66
85 65
62 20
31 59
35 98
43 50
43 3
28 17
20 61
93 63
94 51
9 99
88 20
49 87
100 4
21 77
44 15
43 76
28 18
40 15
5 23
97 97
76 85
89 77
72 0
14 81
66 82
90 71
4 71
91 81
28 60
51 38
89 80
76 31
10 20
86 49
21 66
40 61
11 29
66 88
28 94
98 42
47 75
23 12
50 33
82 86
15 73
4 26
68 2
74 34
90 2
48 92
59 10
44 5
85 67
84 0
1 14
68 34
75 41
64 48
16 68
90 30
25 67
82 50
77 92
4 20
30 62
90 43
9 54
57 84
70 9
96 18
60 72
9 81
65 34
86 93
24 38
24 85
53 11
33 0
18 99
66 94
79 98
90 84
34 44
78 58
95 100
50 48
78 17
77 8
13 5
74 90
22 5
50 67
2 43
98 93
27 98
2 71
56 98
42 1
14 75
59 80
39 62
23 2
54 16
100 22
87 21
19 23
37 49
61 14
95 86
75 54
65 80
70 48
69 43
77 91
16 36
78 92
77 80
58 8
62 7
40 32
55 56
85 45
84 61
1 59
50 17
77 88
36 1
96 96
69 47
10 76
11 83
77 96
94 26
92 65
22 62
63 16
40 54
37 88
39 72
96 91
44 8
75 71
83 14
75 0
23 11
8 26
87 19
0 58
33 98
11 89
56 94
59 43
13 48
71 76
74 45
64 69
40 74
28 54
99 77
94 23
87 73
72 74
86 86
27 36
2 68
100 9
8 94
29 33
32 38
20 0
11 92
74 18
24 68
2 51
86 69
63 76
58 27
83 11
56 34
81 68
94 43
70 22
16 66
73 10
53 75
44 25
17 3
25 59
23 87
93 72
64 14
5 44
50 23
13 39
39 24
30 84
49 14
53 40
73 97
47 62
49 39
23 1
4 77
93 54
100 5
60 83
38 40
20 34
90 35
41 20
94 83
33 6
12 99
11 72
81 12
18 8
56 67
51 98
53 56
92 38
66 72
29 65
45 76
60 53
62 56
53 98
65 42
50 15
51 7
53 83
80 48
13 23
22 42
45 67
32 46
55 60
2 65
4 21
28 4
26 94
47 42
75 64
15 27
41 60
85 29
97 86
29 74
78 43
2 55
11 77
19 94
70 32
92 4
6 60
0 2
12 75
48 65
91 48
52 66
13 60
35 82
15 13
6 94
37 56
31 43
11 95
72 88
19 25
34 6
96 86
72 76
20 48
93 93
18 78
47 49
46 64
49 4
43 10
56 15
52 67
89 9
57 52
67 64
9 51
67 61
25 74
97 43
98 33
80 12
37 22
89 59
3 41
26 58
16 86
32 39
34 49
38 85
27 29
23 17
100 61
86 9
96 11
33 11
97 52
11 79
97 55
62 88
45 33
75 68
16 41
97 91
24 30
62 51
87 58
37 64
97 6
85 24
23 68
64 39
75 24
61 70
71 23
26 96
53 27
44 35
77 42
39 40
48 24
64 7
52 44
43 79
39 96
5 88
77 50
22 15
29 55
86 42
84 72
96 24
20 88
11 42
31 54
58 53
74 92
25 36
12 39
10 96
77 5
20 98
60 26
91 67
18 95
83 55
38 94
14 21
41 100
98 95
68 77
33 79
38 77
74 43
76 35
25 58
91 29
18 54
98 32
75 85
46 21
14 10
15 83
20 100
34 52
10 78
29 50
67 75
72 82
30 3
95 59
23 53
8 85
2 69
6 76
98 29
42 48
83 72
55 99
47 29
3 52
97 69
35 69
11 62
10 38
85 68
29 80
29 72
59 4
66 80
74 79
70 36
13 4
33 14
63 17
99 45
51 32
12 94
28 87
65 82
53 7
2 86
69 35
93 33
26 71
38 100
4 10
8 75
6 62
73 41
64 65
17 64
53 88
74 27
14 18
16 20
21 10
32 87
82 15
16 34
26 76
58 60
55 3
2 78
87 18
98 67
74 94
37 95
3 35
48 86
19 54
20 47
9 12
22 49
9 94
63 75
59 71
64 18
60 33
18 71
3 4
24 90
1 40
14 36
19 93
7 59
63 56
57 93
56 77
81 20
86 17
38 0
53 23
82 76
6 82
40 98
2 63
56 42
46 48
25 65
70 37
60 7
98 94
69 33
26 36
33 82
23 41
10 15
84 74
18 43
8 45
45 88
0 59
79 70
57 31
80 69
33 92
73 90
83 47
65 68
27 55
45 63
27 45
15 3
59 46
50 76
46 90
50 46
1 99
66 92
30 25
6 80
94 57
21 6
74 22
34 7
75 84
54 28
26 55
49 37
59 12
10 19
35 31
25 13
71 15
71 44
51 45
69 70
55 63
24 26
4 70
68 5
19 72
82 10
55 47
70 95
94 61
60 5
42 56
58 32
48 18
54 15
24 55
40 43
92 93
5 75
6 100
35 33
95 79
39 15
25 71
77 17
49 82
22 2
19 58
1 91
60 96
69 85
80 46
57 83
3 14
39 8
87 12
10 30
89 24
68 68
50 39
4 89
47 0
88 74
22 100
31 68
100 57
67 57
84 21
6 72
40 81
31 90
19 2
79 32
32 89
7 10
50 75
95 82
42 94
4 75
26 74
55 61
22 40
16 4
81 72
78 54
71 58
43 97
31 72
29 52
59 95
55 48
16 40
44 28
18 22
48 23
43 41
83 56
15 41
51 99
4 76
87 86
25 30
63 43
18 11
29 88
98 34
42 58
78 46
33 7
85 20
93 70
55 17
66 18
34 67
12 63
41 97
10 18
8 10
26 93
69 95
69 62
45 64
20 83
80 21
36 61
44 57
81 85
53 57
12 15
47 81
46 29
16 19
0 75
31 38
95 50
96 30
24 4
51 53
18 60
69 93
4 67
98 65
16 93
96 60
20 99
34 60
28 89
69 16
10 60
18 27
11 15
58 95
70 96
70 63
14 70
22 8
58 57
24 83
86 0
46 27
48 11
13 91
61 49
54 41
50 43
100 74
27 27
9 2
65 26
49 79
37 28
44 55
5 29
98 21
72 63
47 36
65 73
2 67
66 6
71 4
33 19
1 96
68 15
79 16
88 70
27 38
91 72
41 80
41 96
75 76
10 65
9 55
47 97
24 40
1 48
36 72
76 40
5 56
76 3
100 16
50 68
58 91
29 99
66 5
60 77
38 51
90 13
87 28
10 87
19 69
67 76
53 97
17 12
73 55
7 71
23 80
98 26
65 8
79 50
97 16
38 13
35 58
99 13
17 58
84 4
54 99
40 12
21 94
51 19
58 86
100 50
75 25
99 24
53 49
52 69
66 58
47 99
2 5
93 24
43 86
45 68
43 45
54 17
70 18
41 66
28 81
13 76
81 37
31 58
83 69
51 42
5 94
9 84
88 81
15 49
13 26
64 71
87 3
77 43
52 43
90 81
18 55
41 99
82 72
9 31
88 96
0 88
30 39
48 83
36 49
36 88
92 73
60 48
39 37
55 80
35 36
47 27
57 0
63 26
76 95
25 78
31 69
7 70
5 62
16 7
64 34
33 77
27 57
77 82
81 30
66 9
86 99
61 92
26 47
75 43
81 70
87 84
7 68
45 82
39 30
66 33
21 9
3 1
24 63
37 11
46 19
88 94
56 7
24 22
41 71
64 1
1 51
95 11
49 35
12 19
49 76
1 39
51 26
68 66
78 80
51 27
21 70
21 36
42 40
42 22
11 19
62 17
63 44
13 54
19 91
98 5
86 30
21 7
30 36
7 67
30 18
97 38
54 59
82 53
42 61
18 15
14 41
43 44
77 73
18 74
10 14
39 25
86 56
41 70
71 62
80 35
30 2
15 54
9 76
37 47
37 55
15 2
19 17
37 78
62 83
57 8
15 30
61 86
18 76
94 32
68 64
3 83
32 23
0 61
85 79
78 68
15 38
19 100
80 91
53 90
52 27
29 73
3 99
4 85
85 83
14 37
38 52
85 40
16 64
9 11
5 19
14 8
45 43
28 37
38 12
15 23
70 66
29 38
64 43
31 35
36 87
95 73
86 5
22 75
10 37
6 27
36 0
22 7
0 11
25 15
90 94
57 70
51 64
63 15
65 100
82 18
0 86
65 89
100 25
45 27
41 63
44 88
35 93
5 36
35 59
31 5
30 43
32 37
73 15
54 6
89 0
92 2
27 68
98 57
94 15
98 92
41 4
38 17
69 89
95 31
21 50
79 89
49 45
83 60
48 15
7 35
66 68
83 62
5 93
8 88
72 4
20 73
80 51
1 97
80 50
25 63
30 34
94 35
26 68
56 80
2 35
31 70
86 89
6 15
17 15
67 73
92 29
70 81
96 76
57 34
20 17
43 27
60 6
4 45
62 77
61 85
76 44
20 95
70 77
98 91
84 19
64 41
92 72
0 57
81 83
56 69
69 55
36 95
80 40
0 38
8 0
96 55
45 24
25 68
70 49
23 31
34 2
11 85
77 11
22 85
79 84
5 28
61 61
90 97
81 31
17 59
36 70
44 81
8 80
45 75
85 32
89 18
77 36
79 3
97 35
67 5
86 4
24 21
75 34
51 92
93 39
9 35
55 72
42 35
21 47
34 33
46 0
89 63
82 9
53 87
47 8
43 90
79 71
44 67
84 2
28 39
86 29
18 68
54 86
40 55
34 19
52 75
12 97
53 10
43 36
23 29
65 7
61 62
47 2
77 51
61 35
31 80
22 0
22 87
74 85
23 19
67 10
76 28
89 85
56 27
49 33
44 9
34 75
90 45
31 93
32 53
59 54
6 32
39 94
28 2
47 78
87 35
81 13
15 11
5 47
62 72
76 71
14 86
99 6
49 3
82 81
77 12
83 81
32 32
41 62
84 65
61 82
32 52
65 81
99 82
38 71
47 11
14 89
95 14
67 26
79 12
63 83
95 45
30 33
22 34
93 17
19 20
83 20
46 62
51 4
32 84
43 54
71 28
47 46
13 58
26 65
62 84
82 71
31 32
17 45
39 76
21 86
37 45
24 51
21 57
5 38
12 96
92 85
48 80
70 57
94 86
95 23
27 59
83 100
56 89
7 11
93 86
63 40
50 24
22 83
5 15
38 90
60 54
8 67
64 60
63 77
82 26
67 31
17 14
63 99
31 25
60 29
45 19
53 14
28 16
74 82
65 2
62 46
43 11
1 38
63 69
94 7
54 42
57 22
82 34
97 9
46 58
4 90
69 80
90 26
61 50
93 19
88 15
41 43
11 11
3 94
47 59
19 22
71 11
44 38
14 60
1 84
17 25
22 64
35 95
43 99
96 71
85 14
92 61
50 88
0 17
8 68
14 59
75 49
53 84
13 14
54 98
19 86
39 35
71 10
37 85
89 45
#end of instance
#Edges of the MST by Prim's algorithm: 4999
