#instance30_1.txt
#area [0, max_x] x [0, max_y]
500 500
#number of points num_pt
30
#coordinates
89 35
499 204
459 165
491 57
436 293
105 333
202 248
136 396
224 228
291 383
458 442
184 85
322 499
210 207
221 317
19 310
98 264
13 57
429 250
361 364
43 466
197 492
213 79
388 183
53 425
313 11
366 497
96 434
241 52
140 462
#end of instance
#Edges of the MST by Prim's algorithm: 29
0 17 98
0 11 145
11 22 35
22 28 55
28 25 113
22 13 131
13 8 35
8 6 42
6 14 88
6 16 120
16 5 76
5 7 94
7 29 70
29 27 72
27 24 52
24 20 51
29 21 87
5 15 109
21 12 132
12 26 46
14 9 136
9 19 89
19 4 146
4 18 50
18 23 108
23 2 89
2 1 79
2 3 140
26 10 147
# The total length of the MST is 2635.
