#instance10000_1.txt
#area [0, max_x] x [0, max_y]
1000 1000
#number of points num_pt
10000
#coordinates
146 143
777 18
687 495
496 288
374 564
803 450
995 963
249 392
170 859
713 434
998 302
284 700
387 736
680 863
505 273
571 341
416 37
359 793
222 545
771 596
109 264
736 794
226 985
185 396
844 588
520 841
890 494
230 276
920 601
829 424
874 89
455 980
126 814
772 348
358 542
635 157
806 370
952 722
45 827
808 889
415 17
419 304
511 650
271 430
250 790
544 814
880 999
793 5
502 254
44 551
486 369
398 983
739 349
704 474
867 202
362 972
219 472
966 421
121 236
541 61
26 85
875 596
774 667
291 967
611 335
517 96
394 915
78 824
955 473
297 511
675 660
482 584
131 447
695 943
374 236
3 90
11 568
686 475
925 977
441 535
2 648
631 396
253 710
219 898
873 517
408 547
867 580
821 688
26 516
630 90
442 323
180 143
891 866
618 815
533 750
349 535
397 670
621 650
379 531
547 942
47 645
178 604
224 1000
291 942
205 921
31 647
243 903
480 824
768 97
638 991
847 677
215 935
346 837
584 416
367 822
357 104
156 536
398 71
535 689
12 430
299 734
767 232
636 246
55 94
343 693
84 881
369 300
815 405
136 88
821 193
600 178
988 447
714 385
518 939
764 530
368 62
263 825
294 590
70 349
684 103
732 768
674 791
67 178
195 894
958 16
777 557
885 454
694 288
839 211
917 602
431 975
354 695
799 648
975 869
687 658
662 108
425 336
589 183
514 475
767 471
491 544
719 65
998 412
353 527
624 269
819 54
243 173
439 41
511 413
600 198
761 261
997 186
597 586
59 802
60 826
272 241
369 681
997 57
93 349
584 407
308 402
151 241
575 591
973 777
694 572
975 455
523 661
331 811
246 80
612 997
906 884
928 275
565 924
22 348
272 606
755 270
698 906
511 964
186 483
740 571
745 404
716 268
64 737
78 1
817 380
688 722
263 616
687 518
539 709
556 502
4 0
462 393
597 974
356 473
146 786
43 582
189 449
540 944
185 618
635 692
998 323
104 951
629 481
159 858
881 405
359 885
406 512
968 2
485 323
475 321
799 209
903 988
658 442
622 534
750 947
916 437
269 19
78 588
501 928
446 381
332 495
956 738
6 924
740 181
937 215
503 736
424 95
413 772
228 34
305 978
982 221
415 941
931 183
219 431
110 355
502 442
850 458
180 547
381 610
418 317
515 611
743 939
707 156
401 935
881 396
602 552
617 707
183 238
890 402
669 1000
757 171
132 296
629 2
843 700
612 952
707 127
562 450
756 268
606 156
893 486
243 495
729 550
201 912
788 782
313 457
471 760
318 603
55 637
605 589
26 908
540 733
34 101
182 480
60 478
327 643
655 570
828 383
119 29
294 908
501 297
54 972
56 372
575 111
699 870
700 725
777 930
457 501
722 330
982 472
498 999
114 152
568 943
225 377
662 209
975 162
506 28
133 562
90 708
364 789
268 754
203 44
684 661
236 95
681 908
567 178
906 681
21 163
313 937
540 975
146 515
136 652
233 270
905 324
668 959
803 936
712 6
671 85
357 907
180 728
814 747
906 409
118 617
572 431
554 802
406 390
316 232
41 240
502 636
564 861
594 366
486 997
62 847
81 419
753 262
146 256
699 743
355 507
49 927
939 293
419 34
683 425
266 415
665 459
50 228
319 335
285 495
331 347
342 412
457 785
364 293
732 754
726 86
260 466
704 198
759 122
923 442
547 189
857 212
648 597
130 657
622 415
151 953
453 183
55 910
969 109
893 390
863 619
476 123
84 179
11 533
992 935
975 539
814 521
751 151
809 571
808 430
987 649
73 439
523 128
38 491
237 621
881 791
930 46
914 704
917 615
237 908
239 902
446 52
113 887
203 922
458 701
41 134
40 114
263 563
933 301
744 861
922 314
651 852
360 254
245 276
559 482
184 799
384 320
851 497
898 745
108 355
445 149
179 485
955 442
738 577
743 481
437 354
795 778
896 155
722 141
121 281
313 996
770 697
6 310
884 904
54 992
949 190
832 127
365 786
569 103
362 1
584 490
45 69
267 632
915 990
463 35
961 776
722 730
473 728
39 46
631 785
38 269
975 870
396 339
345 655
132 397
656 717
887 391
786 154
22 700
834 485
425 484
261 146
213 424
874 943
160 194
727 889
463 701
448 549
731 793
203 863
190 549
269 76
941 745
921 653
134 444
829 250
618 780
396 831
894 961
464 53
845 190
943 308
582 390
857 2
874 751
555 63
299 515
830 930
259 441
583 84
575 411
334 193
881 420
23 774
380 177
827 225
368 459
223 640
850 770
332 723
520 887
476 820
401 996
749 351
436 21
435 11
122 459
204 2
879 918
776 950
95 293
174 153
752 87
793 291
857 815
13 377
701 179
887 793
175 635
143 611
347 268
312 469
727 516
162 605
124 938
554 219
230 418
372 673
195 855
964 52
669 668
119 59
537 5
852 712
330 995
13 677
953 325
837 679
532 999
284 656
626 528
565 547
637 627
219 832
481 873
884 840
540 693
589 77
698 441
479 719
125 492
85 78
508 922
757 39
610 731
385 236
950 950
473 586
576 382
417 747
254 992
276 485
374 865
252 763
996 731
481 121
914 256
890 421
869 336
150 478
758 225
404 707
865 877
983 440
258 89
877 203
771 843
688 145
707 940
598 393
360 78
204 273
24 784
384 893
119 224
371 567
449 465
273 313
32 946
443 290
726 9
183 496
852 871
331 249
500 929
332 861
697 536
824 722
319 899
614 128
122 675
696 262
140 659
265 172
605 399
152 330
408 336
516 951
897 848
890 397
466 221
948 163
447 461
575 766
359 188
894 482
864 279
434 694
939 699
866 233
97 708
563 196
43 769
146 631
616 35
718 773
947 355
936 393
816 510
849 175
388 742
347 942
712 781
635 650
479 190
883 267
589 135
463 322
904 609
953 210
334 670
983 971
24 608
363 531
808 211
396 195
643 743
828 354
523 152
694 692
343 266
959 622
401 111
944 996
410 897
896 744
256 878
404 972
175 767
502 983
668 898
177 1
330 695
355 853
848 740
234 881
5 884
502 407
995 445
92 405
341 988
839 598
555 934
569 730
700 761
712 58
658 579
59 988
274 104
530 121
844 454
692 850
27 193
947 22
638 38
117 980
716 646
267 270
579 526
690 970
286 91
718 634
670 777
311 634
881 531
445 725
985 136
264 703
329 210
725 968
248 532
637 654
868 904
924 137
119 613
106 95
394 514
729 63
290 730
388 861
260 523
585 935
660 849
637 679
749 51
646 687
273 973
340 141
566 263
278 685
566 74
470 960
588 198
714 568
618 792
428 878
314 704
503 974
242 139
653 992
882 989
678 154
652 18
986 217
972 954
593 228
27 62
878 305
952 281
563 569
72 682
137 387
385 640
50 627
469 393
308 350
72 987
505 724
695 490
631 356
444 914
584 161
977 152
157 618
433 410
186 506
91 13
583 476
653 633
794 122
26 101
472 98
778 667
512 162
848 142
519 982
56 793
142 723
945 990
340 68
400 216
574 491
230 156
658 573
479 451
695 195
242 858
293 20
214 495
182 61
328 391
42 74
875 876
797 509
865 827
577 264
42 150
446 963
997 103
536 166
554 921
361 486
778 345
506 993
840 379
53 167
460 787
241 334
662 728
844 526
554 420
481 287
261 617
940 948
720 475
113 964
396 165
449 864
510 646
856 39
715 600
898 174
386 829
509 738
557 42
263 801
462 434
778 413
50 718
361 460
883 164
113 278
329 253
833 839
589 688
569 303
978 466
477 363
294 676
791 541
718 54
342 871
178 810
283 920
527 334
69 100
499 183
68 828
126 901
357 715
589 926
17 566
81 184
620 375
861 410
917 578
154 949
448 23
758 422
943 976
756 702
75 254
575 143
773 701
44 820
105 323
745 122
579 826
998 889
891 858
990 807
125 834
445 574
857 894
686 489
869 441
191 634
696 456
467 158
157 201
978 262
214 722
75 794
237 72
372 818
930 361
315 54
886 760
318 742
653 3
922 211
445 803
845 831
258 2
989 105
203 966
368 418
377 133
902 304
896 273
121 825
325 436
569 210
887 578
642 539
271 563
441 406
55 285
927 4
978 605
109 181
570 167
289 637
300 190
631 195
153 443
710 478
879 970
688 765
237 330
995 508
583 435
605 639
410 531
643 388
136 442
259 396
610 238
724 600
118 354
796 271
797 195
440 366
855 127
821 91
147 505
290 731
630 895
369 40
115 702
118 251
143 67
338 753
305 752
43 113
105 839
74 593
724 514
649 579
642 159
670 789
665 650
209 294
544 268
24 350
970 142
291 804
900 629
246 895
380 289
7 176
818 82
459 542
596 107
811 928
957 170
407 621
821 616
606 54
575 630
404 234
463 696
37 52
324 975
948 395
263 955
571 772
727 720
313 13
517 814
941 473
984 37
785 804
344 390
859 919
710 953
152 863
648 190
916 663
855 863
57 117
507 318
889 234
37 892
247 554
705 878
717 689
916 501
182 950
891 731
868 291
684 19
153 331
900 68
684 754
621 741
562 819
749 140
52 476
32 990
720 427
557 437
115 162
938 989
111 519
719 979
810 402
689 653
424 278
412 107
723 723
539 284
541 287
424 283
454 146
272 173
574 520
610 379
682 238
367 794
757 777
462 256
869 150
599 983
119 701
90 842
424 319
816 965
296 930
248 750
76 210
924 340
730 223
719 102
461 777
896 908
553 357
854 421
198 143
404 317
844 184
849 958
503 664
923 489
593 861
239 359
761 853
699 181
75 418
283 227
885 869
825 437
916 369
548 113
512 952
120 45
826 659
3 18
12 616
508 296
166 437
655 927
980 44
798 745
152 771
972 36
639 487
473 555
856 20
358 57
663 169
102 488
518 796
507 531
411 705
827 577
832 171
194 811
215 992
555 367
763 217
403 91
704 876
336 249
587 385
306 249
244 98
427 762
895 624
292 305
328 118
883 850
290 76
660 505
758 215
563 210
432 966
302 135
532 638
384 809
713 380
57 957
478 174
719 372
799 10
368 817
820 250
667 800
16 326
995 774
231 557
985 663
213 977
488 745
304 562
553 17
942 300
974 110
164 692
482 963
393 850
470 212
790 136
702 496
152 696
961 384
253 945
737 156
611 225
901 915
787 143
932 419
133 596
529 297
978 701
951 370
241 420
272 721
246 974
217 88
670 177
162 613
812 900
769 422
815 359
26 291
192 649
710 325
244 929
312 912
320 953
282 561
62 244
281 999
218 188
87 578
55 940
881 867
529 649
979 343
698 696
325 890
344 725
905 278
654 907
189 974
860 161
224 612
406 195
611 314
384 388
892 439
327 772
997 857
110 665
890 498
360 214
77 704
940 982
982 283
578 862
256 127
22 170
740 428
365 350
742 439
738 323
569 64
785 255
611 585
920 501
82 280
715 159
984 344
831 656
627 99
207 883
226 229
743 966
348 799
315 89
928 52
103 496
808 888
441 418
163 361
609 245
641 324
95 314
668 616
660 295
715 867
868 942
96 301
597 134
99 913
223 26
655 16
213 462
595 654
571 758
14 179
693 345
193 478
660 552
785 9
537 499
877 94
130 663
395 728
797 184
330 710
211 985
727 114
137 11
768 398
769 473
577 151
818 461
630 167
12 414
868 549
603 744
643 734
96 729
151 893
913 481
292 814
155 709
928 983
720 696
380 178
859 648
330 366
108 650
224 120
63 91
359 356
525 692
780 621
420 931
203 333
101 495
146 948
204 74
930 614
460 0
793 8
648 122
374 446
772 288
256 525
379 615
881 904
306 351
214 417
972 417
440 73
603 586
711 497
350 640
110 500
330 593
198 978
715 573
423 176
551 679
391 931
984 963
524 981
313 739
397 284
846 837
47 138
112 758
635 153
88 436
343 418
28 542
86 434
805 199
610 355
569 692
285 552
654 500
222 657
929 619
941 774
145 679
913 949
436 237
792 214
673 134
323 702
676 409
135 480
608 435
526 176
817 811
419 470
0 641
817 929
951 758
703 786
126 305
424 562
542 215
467 215
350 790
607 25
889 432
196 496
867 722
363 684
222 472
844 223
112 661
151 753
108 544
229 234
539 653
486 81
869 953
987 218
432 283
934 320
715 129
507 581
541 560
955 764
31 489
677 834
149 518
587 948
753 816
181 291
468 667
62 26
310 48
244 432
331 178
753 736
998 259
7 229
819 962
683 540
140 359
373 289
567 650
236 319
465 107
611 624
465 363
650 465
102 585
897 433
453 339
860 450
598 867
369 106
828 51
336 969
100 710
948 668
359 875
987 515
672 287
829 136
341 168
291 443
753 188
566 205
527 425
346 816
291 715
612 810
457 949
468 557
348 415
224 397
980 902
912 652
879 430
478 219
599 770
662 351
648 228
247 174
653 593
680 635
998 292
444 454
931 912
11 278
16 926
675 687
827 277
28 706
707 506
925 305
966 277
657 613
505 594
788 848
186 467
482 874
449 926
18 379
527 29
657 234
645 22
921 472
299 949
868 5
144 482
311 110
759 658
723 954
251 200
802 127
358 283
691 807
900 709
877 116
428 533
350 73
555 270
545 544
909 102
550 53
584 551
854 343
899 266
296 840
467 788
657 515
762 347
321 351
56 197
467 484
421 818
557 666
778 792
210 377
894 450
120 478
691 974
511 279
239 497
118 396
285 775
911 46
121 923
87 868
810 554
352 230
61 599
587 530
391 797
907 975
937 717
142 317
690 653
596 619
841 714
706 125
178 616
862 990
228 949
858 38
192 900
268 945
188 855
474 579
341 70
244 968
787 386
284 166
730 880
475 570
283 180
385 151
487 246
832 715
885 689
443 767
278 712
711 466
256 184
736 288
254 980
255 731
365 230
587 94
800 62
354 774
933 739
925 419
675 756
825 559
134 267
326 102
669 727
569 616
912 995
594 856
974 539
277 28
769 864
814 569
616 167
342 549
907 957
658 581
403 482
831 537
440 847
640 799
573 899
104 174
893 698
721 556
237 998
584 696
551 87
264 167
946 296
716 852
944 373
122 346
546 643
573 676
489 212
474 753
801 269
927 383
967 337
939 894
24 213
590 576
991 544
433 936
531 148
787 474
211 600
820 757
242 392
122 422
295 287
174 786
556 791
169 212
819 798
106 843
10 386
108 692
930 541
627 460
379 104
934 281
704 443
728 636
836 851
57 821
137 922
606 693
403 775
905 221
573 701
63 273
777 863
965 707
403 282
857 473
386 481
754 780
614 481
415 449
331 163
960 468
84 566
851 177
30 446
398 603
146 152
567 614
14 221
10 107
503 867
270 579
37 23
358 652
195 774
791 216
627 751
375 401
6 225
579 36
361 667
330 198
509 587
812 213
808 822
321 1
378 281
580 416
996 939
758 190
402 238
96 719
679 471
119 685
387 388
412 748
55 742
946 564
328 757
778 826
578 789
827 957
69 407
62 755
35 820
635 127
57 732
846 737
202 655
111 589
43 523
337 789
955 282
352 282
39 820
108 307
608 935
263 368
31 325
122 757
835 448
884 583
179 419
9 381
74 120
661 808
334 998
596 288
970 638
571 699
458 369
6 756
994 960
123 716
976 937
472 810
384 46
392 253
155 401
634 229
212 294
727 546
982 322
834 952
961 94
340 108
153 346
864 147
306 678
863 281
614 334
781 688
70 173
941 226
264 264
145 476
249 873
21 230
885 546
872 535
640 212
643 794
248 197
631 244
875 493
215 178
517 997
866 588
860 496
504 123
450 649
600 699
211 311
620 96
857 181
321 497
83 655
981 332
852 611
266 726
794 482
594 310
168 149
588 718
645 91
841 94
431 130
484 642
442 103
428 298
284 440
485 368
94 155
390 636
766 656
361 249
828 955
560 686
794 838
403 438
620 935
222 50
64 706
692 196
499 811
495 784
250 670
842 344
826 231
670 281
577 30
531 405
675 781
90 468
308 184
596 928
118 508
978 182
214 360
69 713
170 564
186 110
924 27
144 749
949 814
30 526
534 251
621 899
722 711
366 29
585 652
958 703
159 935
576 63
294 645
467 154
899 653
264 822
371 408
571 319
221 291
845 755
542 465
653 263
867 709
292 141
50 940
845 210
875 420
964 859
755 430
13 653
83 968
164 144
376 735
463 287
716 999
733 257
153 385
210 710
785 193
852 835
132 696
735 697
806 389
556 250
819 259
903 592
226 66
736 292
492 199
580 207
888 312
155 40
387 55
751 171
939 602
697 762
297 121
458 793
510 704
42 329
963 635
611 880
391 347
171 573
236 441
471 123
753 626
163 831
371 914
692 310
515 388
71 502
200 219
985 710
924 717
729 576
41 340
455 433
687 317
5 923
448 476
736 892
792 899
722 854
503 413
854 708
492 615
901 692
834 885
401 447
292 130
23 333
470 168
766 847
175 462
459 624
628 194
515 110
783 236
964 285
339 507
994 521
121 894
212 955
468 304
92 760
124 806
93 284
664 549
130 840
701 589
153 329
473 668
129 255
594 783
541 623
289 224
144 410
808 356
54 275
350 146
726 474
952 819
758 616
57 888
145 759
166 298
778 329
656 907
585 249
689 816
562 978
730 706
387 537
753 131
502 102
278 227
577 920
736 334
225 794
913 370
242 769
358 19
98 13
926 373
953 614
879 205
281 608
911 668
144 663
799 646
766 767
564 32
687 299
366 602
783 969
663 24
738 20
43 526
725 969
899 367
272 777
572 553
74 173
911 218
836 400
554 291
166 117
323 543
107 380
145 890
348 498
915 776
518 958
301 933
617 199
991 579
666 562
132 740
735 42
648 261
132 202
552 299
9 566
842 116
946 677
6 984
174 611
760 383
258 60
5 875
951 996
144 616
248 276
46 673
8 694
934 141
896 176
130 596
432 662
402 377
339 408
50 203
709 500
276 968
561 282
532 201
277 676
507 215
642 553
889 341
247 512
172 833
688 302
428 119
654 831
186 993
929 928
887 638
427 162
295 678
134 827
879 412
193 386
317 835
939 205
866 185
718 37
709 95
29 136
906 684
657 782
366 276
709 252
604 136
105 899
504 239
415 383
341 298
459 659
824 397
554 689
273 962
417 982
748 446
808 653
820 155
124 186
431 834
128 725
660 233
623 163
163 728
236 194
26 695
853 850
92 97
538 55
58 645
727 806
91 224
148 911
69 273
787 190
797 916
915 456
839 227
309 692
956 546
887 672
931 429
521 713
526 749
768 275
394 184
771 175
409 610
776 168
883 563
359 369
168 273
515 6
501 824
699 146
59 275
818 991
704 28
393 921
777 161
886 861
35 656
35 134
956 502
303 838
64 662
897 232
935 411
929 125
235 317
271 985
592 88
665 987
807 58
907 274
910 792
134 945
137 861
79 93
362 382
621 116
734 518
348 668
619 276
794 854
594 755
529 185
534 193
171 340
942 768
614 851
249 439
486 387
299 565
170 351
637 481
467 60
689 505
728 308
781 211
852 64
657 380
941 190
264 802
530 205
570 835
747 509
273 232
586 572
487 756
613 814
928 79
874 616
584 291
614 54
503 466
119 850
536 750
39 800
551 259
696 811
93 442
320 56
364 906
318 851
352 931
664 970
700 537
275 974
828 890
28 20
45 838
870 581
587 599
71 828
549 457
639 332
589 649
389 953
554 707
493 596
638 156
565 337
383 841
311 901
420 29
612 465
557 171
45 143
461 116
661 9
263 299
341 852
638 730
804 883
437 296
478 765
142 734
792 525
574 793
116 684
512 728
148 68
899 193
902 359
0 563
58 263
552 400
115 190
820 609
72 947
906 240
401 47
974 193
263 237
676 69
921 188
797 759
256 385
953 158
435 643
411 183
906 963
583 711
843 93
10 605
39 916
846 441
653 509
324 606
437 1000
675 47
187 161
807 134
237 449
983 362
91 393
545 687
45 128
88 889
912 98
183 951
704 719
81 356
228 405
653 355
95 17
92 282
179 589
106 106
37 88
468 128
171 12
506 217
831 284
796 742
382 979
383 85
388 464
131 616
560 474
661 655
492 443
627 361
32 734
467 69
512 935
889 684
947 394
591 468
368 386
209 750
54 592
835 442
747 656
748 306
130 98
961 622
542 587
983 574
10 139
643 523
73 221
206 710
305 487
177 673
873 77
422 617
359 947
750 105
603 497
411 423
286 61
735 828
649 407
401 659
546 734
872 619
956 768
18 260
254 887
934 817
654 355
434 12
993 874
118 285
370 219
708 346
281 442
173 620
849 264
969 84
689 841
703 644
608 411
594 553
297 527
369 641
573 493
654 565
366 462
540 427
681 247
773 652
379 637
271 918
901 931
1 589
771 394
923 68
495 517
311 483
734 681
123 306
864 777
561 230
238 791
657 610
728 119
261 106
756 223
714 347
153 405
626 614
799 239
682 294
756 684
777 179
364 900
176 227
367 427
147 295
218 494
905 946
614 857
52 59
79 456
96 923
862 413
536 660
652 908
644 97
591 110
967 955
701 142
873 67
570 19
362 788
514 267
733 818
814 475
567 893
622 354
815 483
767 350
833 108
948 167
896 539
277 862
183 978
695 55
735 264
766 97
742 970
54 474
477 868
640 43
450 261
87 955
434 544
995 266
652 942
433 237
480 401
790 664
68 484
409 804
748 865
591 489
834 335
653 0
893 983
735 342
934 822
987 367
366 981
324 708
922 757
946 92
848 425
756 917
909 855
410 346
720 0
525 243
335 868
935 227
851 669
259 784
490 245
842 546
916 165
254 837
612 890
929 460
314 374
66 913
920 476
258 639
476 783
572 501
650 506
418 190
174 677
665 355
612 506
901 527
671 845
53 973
734 983
432 738
46 498
650 966
974 908
294 139
380 557
640 721
62 57
911 928
424 265
973 726
771 563
943 131
408 997
104 832
669 226
570 405
415 910
371 388
508 665
218 578
221 548
298 975
296 900
592 410
164 564
136 626
126 769
757 534
455 551
56 814
778 316
219 192
225 590
270 423
945 488
1 857
36 299
831 332
889 422
742 53
676 568
679 802
27 125
26 482
677 773
296 454
88 205
646 3
485 606
427 429
94 118
285 821
417 806
843 306
918 274
49 593
533 728
85 560
853 802
732 219
574 718
673 352
923 8
45 407
615 472
527 399
590 502
219 698
308 752
694 916
716 743
199 248
160 975
808 703
776 540
923 39
257 285
81 871
294 126
277 599
289 804
998 569
997 907
266 304
658 650
219 373
82 108
312 242
82 119
636 858
349 558
587 297
533 668
167 827
485 134
425 774
629 422
342 625
18 299
619 676
949 528
740 31
637 51
964 719
861 599
267 901
847 854
197 380
212 54
897 697
879 322
160 197
434 502
822 453
801 440
819 440
659 248
471 295
990 124
704 541
724 971
441 260
515 328
640 417
382 537
804 951
549 964
148 983
465 660
125 957
100 945
396 449
883 557
744 873
681 137
413 94
108 854
355 313
872 995
420 944
221 223
894 770
186 732
443 341
392 568
988 182
202 383
631 776
630 64
648 1
201 751
95 1000
294 450
2 165
135 422
108 46
645 692
507 831
424 950
863 816
207 850
998 100
924 628
876 243
382 213
244 583
964 340
583 257
480 275
112 305
698 911
352 342
602 859
864 716
498 726
531 705
265 218
495 188
846 370
432 918
583 366
501 236
706 774
493 877
48 295
181 746
205 533
779 498
391 642
213 579
57 745
284 322
963 779
201 499
840 323
416 422
689 607
349 85
380 532
962 119
828 142
555 32
676 333
220 757
665 434
336 722
869 310
44 831
779 936
19 308
258 126
421 947
733 770
722 804
301 683
613 128
826 167
852 191
191 71
638 856
195 664
578 63
664 312
895 133
938 604
441 195
730 862
832 153
631 554
647 933
927 259
60 442
116 602
633 307
364 962
163 559
625 431
623 980
433 207
112 370
811 553
255 231
415 777
74 45
20 721
668 948
980 419
389 95
20 713
93 74
674 947
634 989
377 256
968 500
153 79
560 654
323 815
885 738
281 649
473 302
369 141
249 38
250 328
825 270
40 918
345 714
864 669
393 931
615 360
430 768
130 990
421 143
494 997
881 775
645 43
76 705
875 15
743 124
344 567
85 74
484 120
789 37
789 872
968 403
231 397
861 51
76 281
194 570
968 765
35 303
809 802
7 373
508 750
498 852
7 583
926 491
703 404
219 181
275 186
584 197
584 444
939 350
415 133
611 383
588 646
376 86
137 383
460 645
823 958
186 520
230 803
702 623
897 921
804 863
106 77
59 380
521 688
731 626
511 341
699 99
677 74
185 504
147 645
149 661
292 335
180 212
828 882
835 725
802 328
587 909
405 336
288 926
23 709
242 535
740 941
324 106
15 509
611 162
845 760
823 827
785 3
39 303
575 564
27 377
583 304
976 988
330 263
604 353
663 846
578 402
786 902
509 491
101 119
654 946
569 166
462 43
860 501
346 435
756 373
502 338
367 477
325 697
430 619
741 92
464 318
495 941
911 694
431 702
813 775
337 71
942 799
114 491
991 461
616 746
524 117
774 892
594 789
278 24
408 18
807 562
27 301
502 628
685 934
329 497
398 666
258 29
464 373
521 454
834 827
890 47
945 353
629 228
142 908
943 550
616 750
802 333
741 304
961 116
928 289
303 325
645 562
45 800
935 566
944 458
82 834
195 717
877 825
946 18
422 578
258 37
17 60
371 449
54 21
565 672
1 868
997 646
429 732
445 53
297 79
511 70
603 707
787 479
221 732
498 643
0 756
370 17
506 431
156 560
453 721
231 454
279 919
790 708
650 926
762 638
4 963
708 607
359 494
85 580
917 583
222 917
29 283
624 535
714 781
786 857
501 16
310 780
625 100
178 275
716 630
913 720
592 310
326 952
804 411
531 720
685 444
326 714
417 951
939 130
731 724
678 922
431 988
392 55
778 260
330 493
890 933
903 171
242 228
122 737
330 344
146 14
478 473
418 895
423 356
715 844
771 392
455 201
70 537
256 538
797 587
722 376
209 624
548 452
853 360
879 182
394 24
887 562
497 304
456 610
350 862
143 120
944 599
321 13
826 578
242 623
855 964
689 754
587 236
896 129
287 774
1 681
799 888
243 986
882 389
596 232
941 739
352 885
27 364
588 854
632 830
476 176
483 855
930 70
91 826
890 68
599 892
439 87
469 372
73 351
762 669
273 392
97 625
276 125
679 555
979 310
74 144
486 558
999 416
318 780
932 207
848 530
789 978
308 258
349 381
299 801
740 572
193 837
196 159
652 566
714 630
876 789
464 52
346 463
468 354
242 89
561 781
619 40
758 617
298 106
998 597
908 737
168 791
264 54
950 916
310 664
236 186
142 700
238 178
162 396
532 95
175 783
566 484
823 13
101 811
810 98
97 407
526 956
197 480
701 147
85 10
501 321
196 643
21 124
511 874
210 42
659 385
825 224
870 338
928 971
839 738
759 937
144 975
892 32
454 592
870 540
603 370
551 489
703 262
304 213
136 204
255 795
280 770
710 840
798 327
810 637
64 258
573 900
924 154
932 67
437 801
297 730
861 849
218 563
110 212
776 246
417 721
732 387
490 131
226 979
458 726
615 213
984 878
112 907
31 734
975 468
224 962
197 775
810 106
337 921
318 803
857 425
523 278
812 703
99 37
681 558
453 986
771 437
863 573
33 585
997 698
52 911
660 941
685 159
46 21
79 54
824 627
170 36
595 672
739 695
400 110
943 853
95 713
980 959
976 704
543 662
401 285
572 751
916 256
911 652
968 680
397 481
306 567
517 902
929 946
286 18
55 228
872 151
631 541
800 296
244 32
958 336
7 529
86 924
475 997
575 442
677 972
923 673
228 129
264 848
74 550
866 130
778 427
972 98
969 461
394 212
493 351
548 190
570 325
113 44
321 379
176 688
40 98
361 269
227 625
807 993
866 672
122 333
99 784
432 758
244 826
660 427
177 899
617 747
223 731
482 234
800 658
923 840
757 974
799 674
288 605
666 153
968 478
487 757
261 919
514 505
434 864
932 611
762 239
48 675
660 530
910 459
187 522
989 634
495 788
999 783
82 354
627 49
523 113
806 784
722 9
980 155
874 601
457 635
840 505
0 499
725 910
648 602
431 637
927 616
424 615
398 196
969 715
246 181
828 742
966 239
442 635
85 315
926 542
640 766
737 640
955 151
239 603
753 670
930 369
976 43
984 64
239 643
779 175
824 297
608 479
536 49
113 311
54 39
853 694
495 279
24 139
430 263
432 874
624 361
242 599
404 226
663 644
559 442
509 382
739 116
862 965
165 975
276 219
704 819
604 889
789 628
28 909
581 460
782 204
822 715
494 916
631 156
559 189
288 759
571 717
875 122
682 731
97 648
640 491
156 934
380 945
561 98
854 833
558 325
36 69
730 530
986 360
377 234
239 355
993 811
72 558
933 444
288 720
91 618
902 938
552 281
883 803
69 426
635 627
441 362
387 171
582 372
531 959
606 771
314 289
271 76
847 894
520 825
304 611
442 205
548 684
176 120
487 245
236 121
562 678
483 949
849 756
10 69
714 307
530 718
596 491
794 132
385 3
957 379
304 88
584 543
463 450
663 950
385 590
761 947
267 935
586 806
690 596
875 93
903 95
812 188
586 295
320 661
990 967
39 293
746 313
836 208
763 189
848 147
779 608
94 736
542 370
541 922
656 105
15 559
200 517
437 787
502 448
137 491
104 177
785 850
490 310
748 253
499 595
90 968
894 875
703 125
244 934
47 901
39 62
149 239
269 586
716 771
724 854
262 829
30 737
368 210
46 807
463 236
91 554
203 985
118 597
110 363
530 848
263 569
600 102
499 869
688 214
639 102
758 591
931 478
327 298
689 64
795 842
300 887
85 193
871 204
790 671
257 10
208 520
579 808
622 768
676 1000
673 5
101 430
596 722
599 924
711 978
988 505
819 978
391 595
861 953
489 651
623 746
351 832
956 930
329 577
388 5
266 60
10 58
180 606
780 779
219 180
756 897
686 265
874 767
860 735
719 38
75 32
784 426
554 739
45 883
5 123
578 271
183 588
19 364
885 490
833 794
670 279
691 45
544 254
813 93
679 531
131 444
253 915
560 807
343 296
690 348
419 267
309 293
546 329
657 120
819 179
604 178
458 985
224 692
239 727
475 608
948 606
52 201
210 302
7 553
598 387
901 708
345 901
0 581
229 347
391 738
526 995
916 675
980 830
366 909
246 842
516 194
137 258
85 38
251 783
281 849
170 873
246 205
773 246
786 1
593 176
429 810
861 34
484 840
865 540
748 801
71 955
685 209
903 770
938 153
553 218
693 413
90 939
618 863
185 403
554 468
269 983
277 129
17 761
660 572
992 407
372 62
51 57
962 955
517 899
798 69
808 490
482 898
429 99
451 304
192 4
772 461
678 49
281 695
500 941
957 491
37 328
244 89
75 205
734 593
795 531
352 602
21 835
189 140
624 640
444 817
335 215
968 12
955 939
707 455
879 353
636 917
681 880
696 447
776 429
730 570
650 81
862 361
606 741
501 921
381 635
427 406
851 84
418 805
23 815
950 902
167 586
508 538
465 203
985 240
322 404
500 973
176 361
23 782
793 215
392 173
850 819
579 390
904 687
195 927
501 144
518 668
420 26
896 886
229 571
816 242
975 316
905 150
367 928
623 159
142 14
22 993
524 291
382 117
978 267
734 478
102 251
836 522
277 732
407 197
993 914
439 967
229 343
808 596
961 430
446 103
134 468
95 348
760 167
465 737
435 198
906 227
140 431
749 107
853 847
304 845
760 433
502 989
466 309
274 427
429 410
530 253
879 315
292 328
482 757
755 607
646 350
834 786
782 583
893 324
119 888
169 879
320 361
557 787
670 831
213 789
241 433
41 810
748 333
137 920
781 582
527 116
933 50
592 714
633 174
728 752
61 897
320 72
948 877
549 617
708 452
405 639
885 137
138 322
160 966
241 941
547 458
747 479
509 338
883 832
513 611
274 574
197 594
336 145
471 885
452 869
336 548
197 911
375 25
232 535
991 164
166 537
312 913
707 821
251 279
653 764
580 617
27 468
210 54
303 371
939 755
930 966
993 817
566 367
842 489
903 832
343 68
59 655
671 456
476 922
735 819
375 5
435 93
473 335
147 776
397 776
220 326
431 213
143 688
580 985
176 172
507 519
931 566
173 602
712 339
213 446
848 589
141 973
372 304
308 209
770 395
675 991
411 797
894 554
484 163
229 660
336 426
869 266
992 732
868 703
762 81
839 609
360 671
582 422
975 580
321 745
975 996
425 385
792 318
630 275
481 549
625 817
975 183
774 656
606 641
358 367
412 887
976 462
557 247
884 222
827 204
967 801
200 391
877 682
399 196
648 570
745 963
387 719
837 160
374 442
491 422
809 904
999 474
365 246
722 940
468 548
143 124
39 33
205 606
406 604
802 53
173 546
706 250
955 542
100 328
984 592
440 482
185 438
957 240
684 368
179 842
606 13
966 335
737 170
941 142
464 432
886 328
668 282
578 622
824 679
640 498
961 79
980 836
208 626
766 582
684 636
424 290
649 389
315 75
250 947
909 714
378 484
732 46
766 310
358 280
679 999
768 447
855 976
764 620
558 447
255 672
427 594
60 743
670 0
689 268
405 66
752 136
803 518
446 161
798 815
850 265
143 617
712 688
283 475
308 531
923 563
202 39
157 953
782 517
954 470
785 358
227 226
494 720
434 631
571 231
135 420
186 970
728 899
657 701
63 965
231 676
218 433
716 65
75 497
582 28
658 56
76 575
282 261
985 717
892 556
638 717
666 825
686 393
413 343
93 476
998 14
843 215
137 558
280 213
745 552
241 402
608 8
667 581
269 652
988 851
207 315
567 563
830 253
957 242
286 740
409 283
445 942
189 582
499 159
795 243
712 727
336 9
735 693
280 3
344 267
544 241
273 110
805 102
53 451
35 29
881 134
3 325
75 192
908 574
351 392
507 753
118 533
453 543
226 733
236 260
691 780
192 964
581 687
756 634
828 791
664 708
925 667
33 690
549 631
263 590
22 461
343 832
994 796
374 910
218 301
170 599
80 362
562 661
739 318
986 566
799 649
273 414
5 997
103 554
627 57
143 340
518 176
862 201
662 926
111 571
226 972
169 998
23 422
348 762
430 333
327 228
672 290
642 367
287 746
611 604
493 755
634 10
621 495
211 974
111 12
544 337
984 713
24 6
134 373
768 254
396 785
483 759
75 815
125 52
250 737
346 743
181 981
753 802
165 655
775 276
667 8
304 341
722 18
347 546
391 806
801 478
280 974
236 355
788 361
97 729
788 444
471 969
114 915
461 970
259 926
937 616
935 931
957 346
949 995
582 30
490 72
508 770
45 744
816 524
795 913
252 583
46 413
241 851
327 702
821 586
628 447
893 252
377 849
288 325
533 870
355 22
943 553
793 988
987 608
511 782
210 453
54 257
867 295
107 193
688 618
470 315
64 362
257 131
901 545
147 434
414 502
456 46
746 939
34 732
236 235
513 447
379 257
704 245
553 501
128 240
810 288
245 564
650 192
696 241
737 843
365 841
34 511
888 780
450 612
512 686
537 715
132 916
973 526
160 215
718 289
145 217
577 80
781 918
272 476
849 699
8 213
229 43
724 116
513 864
418 715
240 956
430 62
871 92
589 722
998 997
701 833
213 277
913 994
885 875
160 733
573 168
636 802
902 360
609 415
914 26
820 153
982 940
216 543
722 495
264 719
491 965
551 394
932 153
387 507
27 237
930 600
96 566
92 998
616 701
102 529
727 923
683 399
862 899
632 584
393 896
993 574
550 234
968 171
387 44
678 415
282 608
705 68
173 797
65 789
497 859
7 915
781 690
313 332
278 635
606 361
530 599
625 770
833 592
941 219
327 619
324 299
917 29
367 780
826 432
258 13
981 265
928 451
646 931
784 924
565 389
976 785
678 600
554 200
883 184
420 209
493 434
508 409
463 875
188 980
997 446
993 668
712 610
118 47
230 902
661 485
982 636
269 659
927 513
550 809
697 970
17 190
93 215
289 557
780 478
226 466
614 218
133 15
518 252
62 748
844 724
232 825
49 191
174 976
394 724
784 90
383 491
971 476
396 951
723 175
118 949
642 732
857 465
438 64
717 500
812 561
914 734
75 964
615 940
629 8
353 413
790 736
594 760
903 991
400 315
165 518
955 497
941 811
963 378
566 369
568 67
620 482
802 386
135 106
325 764
115 679
867 905
104 151
354 697
141 755
12 997
272 967
184 903
467 837
280 32
205 849
100 516
330 592
902 155
698 917
609 813
285 476
407 390
627 762
777 458
206 789
454 168
755 328
71 913
164 351
945 60
199 735
576 219
326 167
64 24
83 674
527 59
840 935
139 156
386 916
614 592
705 758
760 149
86 831
61 250
182 697
0 71
431 576
291 758
433 355
472 207
719 689
266 558
623 405
714 8
320 327
600 715
776 50
865 862
881 616
802 753
312 803
825 744
68 806
191 502
851 353
709 570
41 665
127 355
69 532
53 79
859 654
795 324
394 349
185 274
965 678
27 277
170 542
711 238
347 592
430 888
945 138
457 676
493 275
30 562
497 84
332 45
428 817
370 822
165 245
786 129
923 503
96 92
44 497
21 81
779 451
970 413
280 116
89 773
81 810
25 578
584 357
624 702
173 994
213 338
238 1000
157 161
192 945
944 237
131 965
318 911
416 978
323 696
94 102
158 175
913 183
754 496
230 377
889 403
370 101
431 298
791 279
459 984
914 93
220 44
57 228
206 969
859 991
70 17
165 983
200 609
169 431
676 57
524 45
849 646
34 640
615 183
623 528
276 533
572 334
761 217
497 657
185 356
337 255
63 503
929 954
802 97
384 478
845 599
213 693
935 247
332 549
431 645
76 707
177 338
731 629
555 228
976 740
274 313
686 337
506 614
290 998
401 365
475 245
654 689
628 588
626 651
827 56
295 903
454 163
931 184
482 176
102 457
606 376
460 291
403 656
905 694
654 996
749 819
240 402
197 869
680 824
519 506
570 504
98 714
667 28
589 839
204 691
987 811
758 136
792 851
793 387
234 136
382 983
955 623
74 843
181 754
666 390
950 926
584 47
330 942
767 919
780 661
299 766
471 747
903 263
598 385
650 832
521 722
505 165
344 579
7 215
23 363
295 973
980 880
711 309
821 477
227 600
137 526
56 299
273 649
252 871
33 592
392 554
313 897
409 348
476 417
253 189
470 549
852 449
428 562
758 939
729 985
228 557
201 284
856 164
933 798
725 656
389 116
209 702
13 309
740 179
726 994
368 886
542 219
335 660
472 783
598 200
458 516
757 659
491 302
513 113
99 237
770 488
353 979
881 56
978 310
926 393
303 984
279 535
894 304
194 365
86 482
255 544
999 703
202 179
4 715
292 795
642 61
282 686
731 853
742 708
163 358
101 156
341 380
692 925
684 576
980 770
58 235
4 747
938 897
926 632
612 908
426 944
970 399
629 700
942 61
97 795
419 198
952 450
268 643
375 642
909 354
102 967
279 106
403 907
2 18
539 304
927 655
248 586
744 877
976 686
938 72
480 356
962 121
807 229
454 872
562 363
225 664
19 195
770 423
101 772
131 330
767 57
986 14
333 729
891 308
104 519
71 275
565 32
396 371
952 541
933 513
904 849
176 923
43 636
35 144
98 167
165 865
915 841
569 248
569 459
246 364
668 317
639 233
349 725
294 301
265 227
504 859
75 371
782 809
697 507
643 795
364 808
349 970
648 918
217 908
67 153
271 735
471 600
968 820
14 262
811 280
179 5
138 945
376 610
753 763
808 395
558 171
894 597
140 231
515 47
138 582
201 99
6 362
389 975
181 404
927 683
374 105
378 202
49 754
813 492
206 310
577 764
171 160
51 312
392 566
49 220
838 941
320 844
302 399
818 174
547 867
229 925
69 969
368 572
460 574
882 728
28 52
888 79
54 279
645 795
190 482
425 200
15 728
599 524
592 92
958 138
959 187
62 718
155 430
289 306
3 861
724 31
604 611
110 348
581 445
142 771
617 258
971 633
986 259
847 267
351 804
405 0
681 467
408 527
587 388
833 590
248 246
312 542
857 112
891 127
248 723
898 555
981 558
187 656
818 33
923 859
528 17
549 208
174 958
425 761
345 948
41 283
193 43
826 50
155 716
868 93
128 456
649 800
13 526
455 521
250 68
70 778
85 619
676 951
576 101
711 611
739 752
895 933
795 720
673 641
125 540
734 944
996 72
743 700
599 889
220 849
957 290
316 732
600 992
682 866
783 83
477 212
835 371
144 320
781 507
651 596
46 384
539 733
147 282
432 746
170 342
284 817
323 600
238 923
281 921
788 755
694 955
967 528
325 110
538 796
307 188
391 353
263 931
776 410
903 898
846 72
240 129
579 253
729 817
866 9
427 343
454 120
298 420
339 623
220 877
109 527
756 500
571 18
430 346
118 332
935 964
94 865
783 363
117 511
180 983
210 297
325 665
418 313
775 447
627 996
13 736
522 769
235 783
477 356
820 285
378 754
939 163
618 721
526 735
922 706
407 132
694 422
487 111
736 261
248 362
256 261
788 469
30 22
251 197
68 761
483 447
514 421
610 131
142 826
556 754
222 653
886 916
766 62
717 191
324 965
243 270
225 30
739 946
52 681
834 121
441 316
258 646
427 868
467 259
693 23
13 915
366 589
520 131
652 236
322 976
200 565
936 116
595 365
752 338
736 585
149 176
591 407
512 709
274 980
968 657
2 671
262 58
260 472
190 602
709 202
267 599
458 202
715 743
567 157
80 302
742 229
169 23
636 681
732 600
660 389
948 352
60 900
101 10
371 291
612 79
183 879
80 83
74 648
240 154
640 673
74 809
696 710
180 117
0 530
506 638
883 566
537 674
576 908
655 187
678 838
756 46
169 837
820 243
174 751
87 814
113 161
313 809
562 493
926 562
22 431
199 595
688 426
268 263
23 923
141 391
451 897
437 310
423 948
553 597
388 640
101 501
492 414
1000 53
597 925
615 619
45 504
905 423
930 863
377 643
476 518
34 927
104 471
236 218
108 479
815 496
809 606
997 300
19 996
43 306
610 658
616 346
852 520
769 471
72 145
114 548
353 148
164 148
309 90
366 108
569 871
604 68
477 291
368 186
286 412
493 587
760 108
933 302
318 391
773 390
227 577
629 580
725 793
418 725
884 784
833 452
655 436
727 579
317 704
681 500
290 130
298 913
432 616
303 205
697 530
782 325
801 197
117 218
922 691
2 444
834 347
570 43
168 297
312 175
691 993
676 671
123 974
583 555
280 886
450 977
106 923
992 597
810 799
815 421
490 507
865 323
544 434
56 712
421 369
888 111
361 253
782 174
917 54
730 196
631 870
863 737
792 854
23 601
653 838
21 833
35 576
846 579
10 902
982 121
270 559
924 322
812 395
496 418
450 916
615 80
786 167
507 577
21 530
869 364
57 580
196 783
847 41
362 547
943 33
668 904
592 591
225 93
987 411
511 126
327 816
206 112
379 4
933 247
58 990
518 254
773 364
986 825
548 268
521 139
860 436
923 536
848 433
662 174
249 558
286 232
961 665
927 893
603 985
572 120
238 34
174 914
549 84
841 96
352 52
926 902
488 848
127 335
281 789
509 220
346 485
142 306
150 68
889 443
743 461
563 671
185 427
584 735
511 114
831 553
166 447
145 655
294 272
680 265
752 880
485 97
364 317
94 204
385 983
647 818
133 900
488 319
326 71
53 837
186 574
80 352
711 916
697 5
187 67
961 939
947 136
727 0
453 511
205 529
493 852
346 627
752 835
636 77
906 379
605 782
643 375
134 354
290 521
359 167
588 9
797 224
145 213
225 599
724 120
818 216
972 163
533 413
688 859
181 594
237 786
375 881
851 199
234 831
411 283
998 689
983 484
604 128
697 829
417 420
639 234
327 300
87 550
714 776
409 895
59 336
370 434
216 911
324 140
741 425
113 428
113 96
913 407
915 609
926 21
720 564
255 737
865 32
286 578
808 695
162 867
722 222
992 938
823 5
769 563
430 572
991 233
358 593
641 963
893 566
984 612
821 929
38 685
962 324
953 459
710 805
326 431
717 7
58 539
12 517
792 132
89 782
55 137
65 696
100 958
953 83
259 463
703 297
147 664
311 99
813 20
594 138
141 310
145 200
849 848
717 640
980 496
111 35
634 867
421 424
824 63
197 773
526 900
760 673
253 71
462 66
782 746
895 924
55 731
123 594
578 530
924 558
717 726
283 350
592 394
464 106
458 661
879 984
251 329
347 504
400 499
260 872
245 155
795 991
886 608
585 153
138 198
401 855
924 684
895 516
78 358
312 226
709 190
209 960
209 246
154 299
746 414
171 681
259 966
671 835
574 946
989 402
144 389
256 758
764 841
273 842
889 585
758 597
466 657
247 365
904 401
665 339
815 836
710 74
801 380
909 64
16 587
466 160
977 412
918 740
943 882
271 831
156 719
118 312
375 365
678 278
766 342
307 270
177 16
344 668
397 944
423 103
220 889
954 196
992 561
626 934
442 587
765 289
305 573
601 681
938 969
649 703
310 957
973 177
973 7
536 59
641 959
853 861
537 806
748 528
367 63
462 499
341 917
788 336
489 79
16 116
47 356
509 358
2 481
225 975
178 761
725 509
409 577
60 947
383 808
474 440
561 626
939 902
232 727
238 411
806 945
527 853
991 726
901 993
898 817
658 75
267 382
275 677
649 335
313 722
833 477
161 393
794 100
986 25
827 914
127 322
858 344
865 539
70 456
531 968
963 188
733 229
260 7
596 910
342 909
631 174
76 483
568 870
583 243
585 99
156 712
111 704
56 976
242 817
121 464
784 83
652 516
313 913
524 599
512 866
198 833
731 274
315 989
834 588
231 418
687 77
130 798
781 877
464 714
693 585
177 476
669 829
682 672
431 205
270 633
762 468
466 182
742 471
170 575
59 91
684 436
168 814
234 949
380 388
662 763
973 839
929 641
358 610
2 789
506 273
112 958
741 578
139 173
48 309
748 798
400 121
234 568
935 158
206 4
236 869
767 208
397 695
540 755
996 542
234 501
815 346
458 246
614 597
419 352
596 857
841 686
979 74
944 603
923 149
608 158
708 64
56 105
450 286
550 445
829 474
636 333
510 784
579 123
380 688
166 666
545 6
351 213
771 294
816 693
133 113
541 842
869 287
947 318
574 186
453 92
661 88
425 170
872 695
985 942
382 150
297 617
156 338
830 927
632 646
309 765
449 540
296 317
827 242
325 90
119 778
182 780
556 608
640 117
993 314
749 374
464 45
992 310
383 821
927 705
156 926
160 606
465 456
923 983
389 248
72 508
716 255
978 272
863 307
79 545
622 829
919 776
874 600
777 948
111 703
342 267
319 502
563 784
649 176
766 37
114 839
235 520
784 903
792 336
900 562
881 211
390 799
678 954
89 454
901 200
847 243
157 165
435 721
640 83
587 405
811 701
934 736
220 717
638 703
743 228
264 623
439 344
112 116
297 201
570 889
401 107
822 248
272 256
659 602
30 245
7 841
636 631
577 547
38 905
249 781
132 203
404 262
237 516
378 534
407 639
112 808
436 934
746 398
0 911
650 698
441 286
328 17
523 56
613 772
838 435
665 932
387 902
447 766
125 544
94 929
351 220
862 96
618 742
191 618
342 842
315 784
818 334
491 340
390 103
802 918
229 156
849 616
748 986
71 873
529 856
801 570
75 353
357 384
785 548
1 127
79 7
911 897
31 401
927 421
195 418
29 114
574 878
420 321
554 182
885 82
37 375
343 804
728 700
187 203
938 879
330 17
576 931
604 607
21 531
719 907
949 748
711 213
315 131
534 869
313 418
642 40
484 985
534 211
374 411
104 311
290 124
328 556
54 623
163 767
153 572
363 792
9 74
4 324
205 229
884 208
337 215
939 821
199 163
723 263
574 827
264 554
952 283
110 696
906 273
462 749
535 826
230 544
590 235
868 485
154 441
656 321
312 545
484 725
808 749
551 72
302 192
45 412
889 951
375 40
699 910
866 929
453 145
854 11
630 698
452 12
189 108
24 191
343 198
606 151
947 156
914 249
349 959
351 928
599 727
968 297
326 834
916 470
669 460
481 299
157 623
311 36
421 335
918 765
534 523
606 170
370 209
419 409
858 771
336 456
187 303
443 203
827 48
673 496
508 844
795 356
157 796
82 268
822 691
32 45
904 328
215 273
227 635
682 84
95 708
230 973
11 673
866 528
412 539
23 610
966 920
995 739
188 816
429 911
861 332
239 766
296 466
90 668
241 185
376 471
848 77
835 714
295 246
943 319
856 705
517 512
625 201
941 503
16 59
413 567
81 652
333 377
809 423
736 740
299 802
901 837
569 735
240 864
671 873
873 527
268 390
729 893
591 359
85 298
418 498
555 499
841 888
567 339
1 302
78 991
103 979
827 672
714 758
225 384
630 98
601 898
488 19
480 769
378 565
757 486
63 312
986 594
890 552
933 581
544 10
571 337
989 88
699 392
536 924
467 165
21 758
754 199
468 924
659 536
179 415
22 933
417 7
526 998
249 458
578 483
468 149
820 146
928 518
229 463
131 386
318 844
143 762
42 301
686 391
838 865
497 860
797 914
557 322
911 806
470 489
288 628
328 798
464 946
315 693
98 136
78 416
980 913
178 713
213 554
103 741
418 600
600 905
204 156
917 805
962 386
984 940
13 1
737 477
947 742
861 44
879 629
151 548
541 329
260 445
573 54
185 991
344 476
585 238
632 501
43 284
577 26
914 280
28 651
757 665
82 307
710 651
937 551
890 167
570 149
302 142
894 488
823 238
654 407
166 285
598 209
259 174
927 173
454 645
514 901
309 286
208 709
938 835
259 827
1 829
666 304
971 250
482 793
178 135
890 344
110 487
554 60
351 480
924 805
815 437
396 123
413 294
523 350
128 782
867 820
301 223
814 962
473 986
755 651
811 334
995 612
822 238
672 172
408 595
668 222
722 754
346 134
47 869
175 866
340 732
375 641
955 189
603 117
174 47
768 676
71 453
287 583
691 959
446 790
553 113
11 965
557 47
98 604
606 964
159 637
696 534
968 340
723 570
458 588
307 916
263 69
368 550
652 750
508 97
539 751
901 240
715 457
288 503
60 584
157 219
220 543
754 188
883 166
448 30
754 446
947 707
515 314
256 166
754 454
955 292
204 855
223 609
312 201
803 372
785 650
282 696
192 726
574 765
892 21
796 336
157 742
42 672
746 990
529 500
443 483
482 338
337 705
947 339
906 439
402 381
88 684
767 971
99 340
736 681
361 531
707 209
272 750
881 17
739 99
207 872
272 690
209 300
84 156
639 681
285 40
61 64
414 518
34 203
858 770
885 909
300 591
117 262
30 999
971 459
788 177
331 751
557 540
50 642
386 379
12 362
420 73
426 524
591 460
728 138
230 302
46 220
893 164
483 614
853 143
72 640
10 403
390 568
634 130
900 710
510 912
71 620
675 497
143 956
958 871
93 878
863 139
97 756
303 270
369 155
103 131
486 114
225 566
682 859
697 271
568 897
182 640
516 857
136 659
502 784
220 595
351 82
734 449
528 728
409 587
573 513
719 58
317 944
315 689
492 702
960 59
598 141
389 113
688 216
462 189
690 372
474 41
145 898
490 673
625 589
951 889
792 359
947 108
993 952
797 484
653 756
233 250
587 623
53 965
529 516
844 218
578 317
259 723
86 220
28 36
108 510
85 746
309 77
697 105
561 350
552 794
290 829
106 344
484 635
550 327
544 818
335 803
541 240
242 317
460 961
43 259
160 128
4 469
205 701
265 456
741 817
940 722
335 737
65 819
371 305
146 605
122 171
408 353
411 340
670 561
300 713
820 150
841 514
620 736
215 885
191 646
391 822
367 726
558 122
545 619
427 381
224 240
552 632
593 653
972 263
904 962
666 724
802 197
237 421
933 142
305 815
479 696
636 846
112 193
969 657
812 85
728 35
325 279
357 609
622 18
562 525
670 227
939 472
424 867
893 47
699 889
552 177
274 187
23 386
70 682
733 882
767 150
608 783
429 655
81 741
674 643
266 33
560 895
505 675
761 88
722 460
667 273
637 941
150 350
17 220
31 440
792 489
591 89
962 710
745 42
451 108
685 407
141 244
301 337
919 62
115 330
212 782
293 849
412 443
890 119
353 921
560 836
99 841
615 60
550 49
102 691
848 787
788 990
722 89
16 330
842 131
661 53
603 954
592 14
87 171
825 130
92 384
966 882
915 271
943 154
320 735
846 168
212 633
848 934
412 554
263 944
375 924
687 978
568 970
682 345
140 506
475 923
580 131
805 494
402 747
649 722
171 184
580 383
507 117
316 920
671 270
553 45
884 240
713 451
900 395
796 39
901 271
963 481
402 457
665 494
894 313
906 64
497 486
448 4
603 764
614 965
33 166
9 918
96 723
58 996
808 545
35 708
816 688
879 908
144 544
401 37
547 306
101 44
482 549
48 776
3 662
740 727
518 749
334 615
610 969
938 645
367 443
22 245
40 166
479 131
203 26
127 305
761 610
544 809
385 547
160 815
563 298
983 415
691 593
383 318
928 440
451 951
686 491
116 855
622 10
571 750
5 331
49 549
830 434
787 990
248 441
358 501
739 340
916 120
623 990
438 551
429 890
191 805
70 307
350 693
7 921
132 12
252 181
252 772
305 729
762 243
169 810
744 598
840 350
718 463
29 847
704 148
426 895
644 496
892 994
879 900
914 10
912 856
191 854
318 186
582 79
429 441
579 864
39 418
904 757
571 933
293 274
771 719
168 414
215 60
407 93
960 11
795 561
557 676
105 875
863 687
644 291
819 222
154 858
331 748
304 902
680 598
176 141
316 34
555 221
94 653
5 744
354 800
996 911
475 100
476 27
477 119
319 986
32 163
843 53
912 838
955 281
435 821
112 751
856 668
663 640
10 668
74 364
157 760
965 322
860 440
350 26
250 359
12 973
212 545
25 814
382 670
786 507
491 898
949 36
255 611
366 265
278 440
629 125
199 594
447 749
724 487
466 974
536 168
946 749
403 661
562 786
331 37
292 512
936 931
238 190
541 604
456 509
735 775
634 624
58 772
63 783
949 529
446 485
387 392
924 790
743 175
265 73
213 248
275 148
178 513
28 720
117 484
919 542
950 243
165 7
14 919
480 963
137 927
137 524
8 60
4 751
927 269
515 139
207 790
978 76
303 5
486 110
180 404
652 820
647 507
827 351
426 998
4 563
924 141
778 932
893 782
372 509
741 887
648 949
677 315
715 670
320 200
780 190
294 431
9 942
628 527
983 53
524 987
307 137
819 84
68 401
910 606
17 557
244 384
562 649
53 572
849 833
763 834
954 462
775 271
989 447
325 202
434 322
339 252
406 97
653 271
228 562
567 936
809 502
319 370
150 62
942 690
585 394
523 228
547 988
499 535
434 514
428 558
836 767
810 241
555 152
202 783
404 460
408 212
962 417
272 802
479 905
989 394
982 535
381 170
761 506
685 188
63 520
645 564
452 890
716 654
672 811
113 770
713 765
186 986
257 355
580 438
108 258
833 780
794 904
951 244
409 325
432 163
535 767
727 987
657 132
331 18
943 134
479 656
590 665
331 847
711 601
284 819
859 807
289 342
711 239
586 810
564 708
973 789
475 699
776 822
522 797
530 464
621 8
810 210
364 831
747 74
431 722
893 981
528 181
322 929
110 909
739 364
616 711
153 781
100 619
602 622
105 823
776 726
831 586
627 194
106 373
268 538
94 852
518 623
723 530
551 834
438 289
888 745
691 731
525 791
39 818
412 144
640 878
871 160
463 497
45 570
560 313
798 655
855 5
277 578
535 518
101 664
498 989
98 188
410 313
669 449
130 80
594 460
648 154
311 802
341 356
371 901
359 859
245 214
554 522
792 779
731 583
132 919
261 230
106 671
544 775
120 364
545 404
515 192
248 826
994 589
181 54
179 230
603 425
444 156
637 926
626 57
508 758
976 770
989 81
130 222
546 941
586 781
344 791
664 592
616 347
871 487
92 741
718 385
165 852
232 802
778 858
550 285
615 525
745 603
297 566
515 533
506 792
314 851
582 668
132 889
705 694
375 797
434 783
873 599
635 104
90 412
962 640
387 576
165 823
870 152
388 384
685 894
866 689
434 448
356 257
336 61
641 401
548 74
184 110
363 509
214 453
611 175
784 688
442 639
510 311
791 588
385 165
172 942
855 296
389 210
553 415
962 193
506 200
958 690
310 320
889 525
464 499
390 938
187 832
576 387
833 56
976 909
850 766
133 929
667 377
33 318
260 539
518 218
920 519
538 808
734 692
998 123
629 184
646 895
261 168
641 927
767 553
764 306
8 898
234 675
274 958
994 224
497 511
442 106
720 671
914 453
362 601
267 682
785 913
266 737
80 908
663 538
150 427
844 158
14 769
834 979
726 827
202 913
27 645
18 438
5 623
891 57
223 157
739 699
69 5
435 841
603 97
68 753
214 912
601 919
680 434
897 96
951 99
8 669
434 27
106 439
650 687
496 873
845 926
571 604
931 696
134 223
484 202
976 698
114 576
617 484
701 203
580 341
302 279
700 426
997 806
555 336
493 51
899 27
977 160
631 597
856 456
820 339
658 485
728 462
751 34
637 451
237 216
483 230
185 182
346 181
679 902
207 862
953 106
889 619
266 519
906 812
665 725
151 323
900 569
475 650
293 111
792 220
18 274
140 203
146 487
75 825
388 282
686 30
388 574
339 344
784 244
156 448
969 998
461 868
256 937
207 549
47 999
769 65
272 910
960 109
86 34
934 474
6 620
194 395
884 533
429 667
777 585
806 435
582 266
993 838
202 199
76 941
198 536
696 160
135 655
960 221
379 894
385 386
513 579
471 396
111 590
754 578
175 559
12 447
825 695
976 718
894 51
348 782
587 43
633 722
389 592
943 768
175 17
844 688
596 4
775 397
595 218
665 460
777 367
907 291
61 882
699 646
624 46
117 210
90 440
623 479
32 255
937 898
273 471
276 559
475 50
647 69
959 311
529 735
679 126
716 740
698 415
385 321
461 193
222 241
633 845
410 355
790 37
253 753
508 529
312 983
269 959
743 227
269 962
652 948
778 367
378 476
782 453
797 934
646 709
865 279
243 966
634 33
2 887
786 510
105 788
492 374
746 925
291 706
577 943
343 354
310 721
830 782
174 317
405 510
25 270
789 269
235 113
993 928
690 778
437 796
256 619
860 1
544 151
397 811
93 741
164 403
461 995
876 325
311 280
836 26
240 314
295 165
427 978
92 117
756 219
913 702
839 772
703 72
923 791
883 707
531 737
800 682
731 675
7 732
646 533
759 576
847 744
432 274
722 214
391 167
434 994
869 963
455 261
725 68
51 607
775 582
343 574
955 765
940 962
186 275
494 635
851 340
69 973
304 791
187 385
648 311
68 206
964 524
157 688
282 209
985 56
481 17
320 435
472 950
86 659
224 270
984 766
301 52
428 605
843 305
681 180
306 749
76 269
963 234
647 244
133 631
991 304
339 1
430 811
641 516
159 866
321 778
195 749
382 729
745 753
909 50
502 986
320 154
910 967
89 42
288 79
771 776
437 412
983 287
968 459
430 288
236 625
727 308
353 471
61 953
522 253
628 532
97 227
188 186
269 476
957 305
102 727
772 230
829 444
517 796
903 637
774 829
261 191
136 305
352 888
948 564
831 265
95 929
492 284
805 451
450 761
756 243
178 527
473 6
971 680
493 563
6 957
391 958
147 218
953 500
796 900
754 627
855 850
245 346
824 49
797 273
811 243
206 679
460 679
375 121
48 868
684 54
515 766
703 662
674 655
852 469
555 606
95 99
145 340
136 969
80 623
932 891
866 138
259 16
507 634
137 246
192 511
991 707
967 693
58 640
348 911
109 593
206 204
382 351
235 518
9 315
141 631
896 697
459 154
713 657
478 850
593 670
51 273
66 17
967 125
658 4
726 767
287 622
661 669
663 586
878 362
591 18
993 486
405 142
330 118
489 499
658 81
859 709
354 926
727 10
741 74
705 156
531 992
778 191
351 440
468 919
802 58
627 484
545 31
316 565
149 805
63 808
576 923
206 931
538 623
631 278
697 336
434 227
17 211
109 58
341 577
977 833
635 603
316 870
635 633
125 474
437 879
972 704
801 178
634 28
491 955
306 188
981 430
105 999
331 905
747 672
481 414
504 807
16 511
366 341
143 491
506 270
370 477
974 861
345 297
890 527
943 886
405 923
316 510
921 337
415 358
9 586
772 203
392 478
404 449
510 547
940 15
508 1000
182 171
551 218
159 440
745 101
15 149
23 21
349 635
359 454
683 58
40 454
261 122
932 666
571 131
903 201
837 100
200 710
963 751
618 121
881 362
913 587
201 936
608 240
260 967
24 425
86 977
237 709
332 809
840 925
700 677
25 900
76 988
341 694
108 912
746 20
498 947
646 106
877 597
763 571
229 788
686 316
454 924
24 786
422 554
710 121
921 735
711 997
412 51
690 210
654 435
921 151
71 567
948 949
854 711
209 82
188 896
88 642
509 112
427 931
357 827
51 277
252 762
965 664
504 654
875 848
780 795
999 851
51 637
489 595
347 389
678 535
975 766
867 483
569 293
413 926
810 154
893 61
606 857
726 800
201 290
647 981
775 336
521 517
973 701
111 9
89 789
234 63
245 100
546 504
83 649
429 893
493 11
955 98
869 370
899 69
660 545
740 124
881 260
641 543
961 753
552 49
231 786
803 476
576 38
980 659
687 98
552 179
801 196
969 669
256 867
428 606
101 167
730 673
427 371
215 78
123 458
127 354
934 621
521 510
659 190
168 346
980 410
215 780
296 874
448 552
430 566
157 532
733 888
895 850
258 800
928 71
257 746
115 191
366 636
701 24
517 559
60 496
970 967
275 956
840 413
508 961
669 355
182 401
242 76
250 190
566 869
952 824
614 67
705 670
393 95
384 910
654 445
405 313
101 370
269 631
473 467
591 141
512 463
232 755
539 173
635 105
41 587
619 345
344 13
705 737
108 88
647 762
223 742
766 324
803 725
646 966
882 927
107 393
390 29
838 929
202 473
724 243
750 32
278 784
45 983
520 153
762 857
606 985
289 61
1000 782
786 645
747 357
571 544
750 961
574 588
580 776
751 994
710 190
26 678
974 762
351 183
916 112
40 211
96 19
272 95
801 748
430 547
104 1
782 854
652 355
131 922
821 572
916 220
762 632
899 425
393 249
609 999
51 339
209 147
358 171
934 158
609 363
395 713
54 176
257 707
531 78
628 42
651 233
262 412
865 851
838 258
947 841
475 847
989 833
17 612
681 627
975 75
29 29
252 977
426 473
55 744
515 706
978 468
117 532
318 645
790 799
781 427
639 255
273 317
778 290
929 458
607 594
534 327
313 476
303 739
949 48
172 154
754 149
312 562
372 320
206 161
118 678
588 758
933 551
765 711
532 694
859 138
978 392
155 290
868 149
719 507
197 891
351 952
731 663
513 102
983 409
954 101
86 232
549 710
783 313
420 314
697 278
143 674
361 989
964 919
137 372
115 335
954 466
977 684
476 802
588 119
593 365
74 825
835 184
829 532
152 662
205 513
651 860
122 788
231 237
813 875
394 479
558 212
658 724
704 937
844 987
301 885
818 375
399 653
559 228
875 711
890 770
915 540
319 36
18 551
964 521
115 357
0 674
570 348
87 964
284 621
951 585
506 458
650 905
801 899
823 675
610 403
445 214
943 764
250 651
4 213
172 120
261 172
484 831
210 261
484 495
883 434
770 388
583 420
983 383
8 496
749 308
899 884
522 531
337 462
182 32
366 44
152 627
907 326
147 116
587 631
611 159
756 381
237 338
491 220
411 189
406 159
498 304
42 710
525 380
172 707
412 228
751 254
855 657
270 692
774 547
12 74
707 768
145 944
796 326
854 207
516 259
366 13
253 409
723 779
479 585
175 891
813 927
835 357
273 104
48 737
651 61
812 357
519 957
992 315
283 845
522 799
795 578
502 47
677 915
516 155
500 692
736 2
308 570
360 271
364 408
8 706
159 510
62 679
156 744
994 129
589 205
928 73
783 119
811 150
34 327
305 224
709 732
226 16
992 586
978 356
685 676
61 844
185 814
522 342
558 205
471 837
100 89
910 884
899 720
724 623
737 28
847 445
450 764
151 442
349 129
798 724
805 549
568 681
362 780
713 610
676 183
136 776
963 45
349 552
456 72
174 192
101 712
328 551
475 479
683 514
608 480
238 103
719 496
784 81
275 496
381 951
369 518
417 22
253 766
574 709
839 438
592 940
149 920
180 314
88 554
829 387
33 757
490 443
252 964
524 217
149 595
859 208
803 275
921 56
40 184
455 879
623 46
508 462
656 379
777 745
933 605
131 656
51 311
98 303
965 312
210 804
598 68
11 400
33 623
456 74
807 912
643 119
648 842
582 995
911 358
739 843
653 560
188 704
561 287
697 215
289 907
18 887
666 720
287 699
342 743
463 840
344 106
959 993
638 540
677 548
898 105
390 550
665 268
253 916
555 950
130 535
547 839
421 212
558 708
911 591
141 64
120 175
861 78
167 498
619 534
45 206
639 125
447 994
83 390
909 329
30 729
864 577
567 284
479 816
683 79
96 514
143 216
689 3
294 547
191 603
80 927
500 720
742 947
713 826
26 312
154 56
40 708
323 298
992 802
113 364
882 900
568 715
115 257
409 99
494 600
703 574
217 202
984 959
839 697
474 865
699 318
922 739
25 935
727 708
737 530
71 308
429 640
22 544
587 431
644 80
722 36
344 629
929 328
587 767
715 752
321 103
69 933
842 95
868 259
803 604
789 564
602 218
894 624
452 480
746 786
250 157
512 285
786 440
303 62
897 17
504 218
120 574
841 652
669 708
601 161
1 390
725 603
298 619
918 750
789 353
226 730
200 738
14 986
178 7
738 765
24 242
983 835
506 514
176 865
221 778
25 914
858 440
749 123
595 228
476 821
958 676
559 662
351 427
669 780
191 383
712 865
908 217
378 774
81 289
241 797
202 98
236 409
944 676
532 539
904 699
49 551
374 608
903 416
725 261
886 607
644 597
161 241
504 229
705 275
518 947
71 411
735 998
820 679
673 351
908 266
49 957
817 114
255 719
220 980
980 105
586 313
392 747
244 586
666 950
861 184
586 932
595 320
619 414
689 292
455 596
248 195
553 65
1000 808
474 219
477 144
14 754
457 96
500 392
682 857
31 542
40 617
163 325
627 782
429 316
764 884
912 12
769 154
77 768
962 241
987 129
385 0
883 533
787 72
925 468
929 956
9 969
262 172
293 889
955 412
204 718
296 807
420 64
961 187
833 613
429 509
742 504
200 624
36 987
386 651
455 315
296 154
974 558
327 267
137 972
369 341
379 355
838 800
420 799
987 943
101 105
141 533
610 31
847 336
18 232
988 163
547 974
317 521
222 334
478 359
305 847
700 375
202 538
865 312
26 541
945 818
647 776
350 256
808 196
282 516
118 269
679 666
934 686
877 155
20 44
514 15
581 213
80 473
441 945
475 157
486 109
975 823
886 324
769 383
210 50
899 329
10 267
685 944
953 251
98 663
295 612
369 566
515 449
39 647
84 514
804 260
314 779
82 199
793 851
582 3
901 170
22 911
437 397
544 79
648 642
743 633
944 802
198 459
941 928
796 24
132 599
284 446
67 56
335 551
907 607
554 498
777 266
98 213
663 643
292 310
975 725
943 919
526 831
67 467
759 863
181 891
151 156
336 219
212 361
770 810
968 13
998 744
970 95
647 632
738 629
632 713
44 264
321 570
94 388
727 543
250 599
433 401
755 459
310 657
820 770
466 477
473 463
220 442
249 557
764 677
877 395
389 921
659 400
180 444
788 908
987 728
506 110
820 951
569 820
607 79
590 764
246 753
917 157
886 165
714 649
843 590
735 922
200 83
322 381
527 800
979 204
528 484
314 347
124 573
166 731
342 446
184 589
199 101
746 84
957 149
423 799
430 157
411 630
932 423
701 148
222 679
352 750
853 356
96 977
930 954
398 962
399 582
550 598
373 986
372 330
826 486
819 255
333 229
575 264
652 276
413 875
624 498
121 411
474 741
364 872
392 453
144 943
51 517
618 113
847 443
599 356
388 623
585 964
887 928
239 299
802 884
755 115
381 566
216 546
306 580
107 698
33 251
330 775
459 639
578 305
772 868
661 160
490 937
123 376
864 52
366 355
626 120
470 7
376 687
243 372
957 350
760 680
602 781
144 60
419 723
55 190
280 407
40 770
33 163
836 897
906 201
942 532
11 411
229 387
788 472
759 435
512 519
805 113
299 950
864 408
362 610
288 642
16 329
101 740
182 937
326 88
829 267
310 530
368 539
918 847
701 366
281 212
575 85
16 564
34 880
662 86
179 951
728 195
279 519
625 461
456 951
239 975
217 549
504 586
87 111
432 478
168 403
691 433
488 397
998 213
276 659
990 456
299 408
341 578
927 657
730 72
607 969
46 825
208 241
100 986
42 222
464 210
315 845
644 803
241 331
706 207
680 386
353 980
794 695
247 720
351 667
793 648
326 529
162 534
770 953
519 813
174 673
713 489
517 356
983 448
687 378
656 57
764 8
36 557
393 283
968 434
951 760
82 276
288 935
500 749
888 18
251 61
382 964
241 589
320 914
37 697
291 383
754 746
391 480
993 475
454 960
599 404
409 371
370 388
306 870
136 193
578 77
945 960
40 185
549 50
789 276
748 771
659 191
516 740
362 198
214 816
158 814
219 257
875 279
645 180
839 471
373 416
548 318
66 589
193 305
639 983
581 76
753 239
959 959
979 320
156 884
135 4
262 261
13 907
442 852
378 505
958 616
823 23
204 707
328 534
379 599
300 131
528 949
780 197
268 936
80 93
941 157
137 202
108 841
799 240
692 176
746 650
793 258
363 687
965 382
911 343
981 211
164 199
159 944
396 118
570 166
211 510
323 39
402 431
880 200
672 262
67 107
602 550
365 965
236 20
36 838
363 708
48 218
907 898
161 302
15 421
468 918
931 791
957 22
912 526
223 273
788 981
380 389
530 746
44 456
766 80
293 819
788 31
727 694
930 579
686 635
1000 153
552 621
634 198
643 236
725 556
509 202
536 890
282 756
325 326
903 781
96 886
289 575
918 16
268 537
595 645
171 594
905 122
612 548
358 336
103 867
229 330
446 511
776 461
527 678
932 623
564 221
888 171
928 156
708 212
491 879
292 401
410 905
949 768
931 742
325 159
71 461
360 848
613 887
215 544
200 779
455 87
950 382
934 347
284 424
917 781
403 899
181 503
493 820
962 424
561 286
273 323
437 324
861 49
901 75
284 100
545 739
879 184
812 502
617 138
566 710
36 437
212 530
256 173
644 508
149 607
521 277
931 71
326 832
837 610
622 71
39 190
256 851
383 478
636 1000
616 202
709 342
329 611
872 586
785 205
784 624
813 995
901 433
65 227
955 902
527 267
974 256
457 920
797 840
87 433
529 703
325 928
735 654
539 297
930 323
502 403
947 4
397 848
128 152
765 82
54 982
349 718
238 497
327 34
336 414
157 556
807 172
483 541
517 21
838 136
34 340
540 672
34 627
209 162
780 664
936 524
645 975
932 883
471 258
608 498
672 455
53 478
628 226
18 835
939 547
971 973
887 510
334 611
828 543
464 607
206 399
130 542
373 61
114 845
9 722
32 681
868 85
849 495
1 557
19 940
103 990
603 680
190 627
982 17
170 445
624 66
844 444
298 907
505 413
441 204
825 473
885 692
248 423
877 941
980 896
880 774
886 172
143 766
800 124
783 660
569 406
416 102
540 715
9 735
127 140
939 952
304 513
334 552
936 210
492 605
797 62
68 372
234 212
137 724
336 920
383 906
15 800
7 555
514 707
289 331
848 227
282 151
740 616
393 365
517 576
970 313
638 729
685 562
941 512
286 276
431 669
872 446
158 880
691 672
276 980
2 814
206 976
965 636
281 48
0 488
624 660
801 952
388 175
203 18
687 179
295 808
849 166
253 697
736 944
369 12
613 61
826 509
727 481
144 8
219 835
496 533
185 988
174 263
853 377
282 540
557 267
347 95
433 291
792 860
925 851
872 538
603 387
737 329
558 882
337 467
406 524
1000 591
511 173
545 53
241 827
593 488
784 631
583 216
612 64
766 226
606 327
454 208
715 191
227 963
763 565
430 168
779 429
450 980
293 685
32 534
201 316
21 985
637 294
891 248
48 657
164 654
984 619
552 388
810 780
351 572
34 471
430 813
590 570
482 883
254 514
106 455
520 818
129 156
111 20
94 160
677 259
504 350
878 56
739 377
836 780
949 870
941 68
372 530
639 854
103 583
57 900
729 578
718 858
734 519
878 829
679 244
87 874
595 655
930 23
31 455
803 670
14 743
738 386
963 66
930 756
340 987
656 68
564 373
926 989
892 494
817 261
738 594
134 22
248 754
45 279
208 538
949 222
971 376
608 624
133 537
379 473
213 34
541 468
97 156
456 990
340 963
941 769
246 74
791 494
518 527
463 726
755 101
948 726
167 245
349 300
472 418
773 685
453 3
152 550
851 298
229 190
260 169
959 506
934 440
690 451
657 843
176 411
634 814
827 802
749 866
284 255
596 427
949 438
977 799
427 897
680 687
756 328
884 690
768 263
831 114
106 698
526 430
511 42
922 951
170 192
659 456
619 607
585 285
406 11
181 85
388 938
413 271
317 872
535 147
676 331
845 201
451 46
244 373
997 843
777 166
34 435
313 343
41 588
599 500
222 987
437 326
949 444
888 173
591 563
194 436
765 645
482 699
17 478
541 794
334 265
228 337
608 270
925 235
407 213
425 320
200 862
646 839
996 533
11 587
95 205
713 550
540 885
939 558
52 169
41 76
434 961
414 41
921 28
968 17
337 132
945 983
971 940
515 672
216 301
567 929
851 106
503 480
354 555
649 86
632 83
46 736
815 967
764 472
984 696
865 321
828 499
994 488
128 199
159 35
500 416
654 40
523 157
210 567
402 860
653 33
943 699
459 757
355 223
229 29
609 784
40 437
973 33
925 791
923 775
826 112
190 480
844 403
327 53
971 729
913 313
763 545
703 912
302 57
134 221
777 744
695 817
871 357
541 485
147 463
259 974
266 140
143 109
543 470
853 203
198 766
517 651
310 219
563 302
276 387
213 744
821 598
560 691
955 791
176 102
945 125
75 210
9 499
688 862
702 576
627 218
227 628
437 790
620 404
176 834
147 998
431 397
688 386
188 554
178 132
370 944
32 635
161 41
133 539
593 526
114 220
744 31
538 872
821 157
275 998
991 112
995 112
509 372
188 387
927 366
209 987
309 241
621 160
973 445
389 566
971 193
476 404
225 13
275 45
861 550
42 852
352 727
654 862
99 842
939 716
207 148
392 206
79 12
366 52
147 755
308 808
948 784
212 863
487 487
909 347
728 641
198 79
58 542
941 848
383 880
253 280
718 645
486 797
657 852
296 156
302 935
630 514
797 116
692 395
464 419
36 352
498 94
895 129
942 968
699 194
248 416
839 424
903 185
967 752
370 262
598 673
887 919
877 684
34 568
769 188
677 805
541 175
589 125
995 220
92 693
104 30
799 633
455 701
509 421
142 879
373 431
551 260
349 118
634 73
686 402
262 53
898 803
228 176
928 222
397 710
605 191
741 93
825 195
484 333
306 317
211 679
748 453
939 787
261 262
860 637
355 121
690 252
614 918
428 231
830 515
632 124
707 372
908 531
257 392
554 563
709 455
241 146
598 871
623 859
823 482
496 177
294 185
119 598
794 238
520 313
753 151
128 149
523 35
370 780
117 924
32 826
69 964
662 667
524 284
526 347
457 712
214 441
897 334
38 380
262 558
384 705
709 512
855 922
237 224
391 355
839 423
871 908
387 533
574 601
507 790
638 654
501 853
94 88
877 824
158 138
381 542
843 781
53 387
702 291
302 93
336 831
206 206
738 283
429 1
885 627
482 522
280 983
64 375
761 941
198 920
769 269
461 302
49 205
379 442
186 681
225 522
511 121
728 939
405 848
631 980
474 112
191 754
785 256
128 546
887 16
155 346
286 616
338 25
511 717
157 697
398 382
218 599
504 637
538 599
484 859
578 648
401 445
715 220
681 292
236 836
328 212
142 666
238 653
382 395
40 470
468 949
69 662
585 297
260 759
155 528
406 816
987 808
260 392
718 632
374 954
157 702
857 299
367 94
643 749
179 373
219 337
321 979
999 907
275 258
355 120
786 762
936 463
259 886
855 977
517 919
620 675
620 476
664 987
260 997
425 440
369 334
777 691
2 776
597 277
724 952
397 200
403 22
353 662
909 207
328 425
125 949
790 435
424 454
111 685
450 536
815 820
561 281
200 563
747 487
531 161
438 928
361 532
641 714
193 549
611 212
664 426
160 454
861 274
908 972
959 47
197 463
557 448
435 757
11 181
243 542
342 372
159 393
904 490
797 787
38 97
523 849
156 73
123 754
735 772
491 623
235 48
70 670
495 772
541 739
3 574
801 854
657 394
343 454
871 382
241 870
775 455
408 621
528 531
303 555
266 228
603 336
588 789
799 128
217 802
392 17
345 49
411 689
193 281
761 434
841 535
889 249
155 107
780 219
751 773
774 16
0 67
352 588
856 841
407 72
643 799
780 678
538 190
366 731
161 126
856 693
351 744
942 196
541 411
415 291
875 880
307 875
637 350
153 492
190 560
254 523
48 724
201 587
604 257
7 765
74 863
147 425
297 88
312 838
190 727
129 64
296 126
629 933
476 782
114 357
31 58
570 80
782 771
357 385
28 364
841 102
918 988
217 214
767 529
742 647
947 561
401 242
688 720
866 854
192 980
210 223
729 781
994 510
241 40
586 960
405 116
752 322
794 970
226 250
188 968
897 825
529 988
758 907
708 623
760 900
292 661
131 497
221 372
537 497
332 942
613 83
954 96
743 179
347 622
838 934
446 366
612 203
272 319
516 722
909 809
382 411
519 513
908 740
576 445
236 908
76 539
681 30
326 114
900 673
736 737
296 872
793 908
75 755
917 591
167 825
89 549
236 609
753 143
38 328
278 966
235 355
504 606
75 520
720 975
192 145
402 179
17 885
86 783
330 3
63 497
518 153
736 444
762 488
278 490
816 556
455 741
601 650
37 676
169 447
341 52
593 433
231 610
7 317
82 337
10 145
524 219
298 260
663 750
438 941
240 945
187 695
375 788
34 412
464 204
860 495
256 142
928 487
442 935
494 524
272 195
669 486
414 968
436 76
407 875
708 337
819 895
32 884
682 757
296 836
961 846
330 907
988 257
393 429
883 578
953 845
773 311
330 186
969 767
262 376
331 660
713 149
554 435
723 927
192 18
762 843
554 783
750 541
730 833
660 612
410 302
456 182
614 477
368 582
243 321
958 574
981 361
413 225
796 135
151 678
845 603
521 398
385 961
630 115
793 289
417 203
282 874
385 896
350 444
477 283
455 125
857 125
176 960
350 972
785 191
340 629
795 551
718 870
511 347
985 303
326 402
506 608
966 582
503 5
25 671
288 170
486 835
295 662
794 336
323 268
527 663
898 321
904 305
191 414
652 866
718 978
958 914
276 613
495 779
618 210
139 906
70 625
740 366
977 223
702 300
492 919
653 79
240 557
384 121
661 726
677 378
703 635
983 669
247 477
448 556
378 277
461 448
593 892
504 569
114 896
559 296
815 212
375 54
459 449
866 119
174 542
188 568
867 861
236 805
337 374
360 405
652 511
544 244
402 47
503 517
944 62
813 758
965 879
502 113
327 57
232 502
289 110
69 156
971 305
651 999
680 701
93 21
211 637
956 614
685 458
821 318
210 323
75 865
892 267
978 219
324 901
411 613
701 170
459 672
165 109
360 535
500 453
556 712
781 201
15 465
350 526
783 560
539 548
425 431
815 92
340 138
993 751
751 694
611 210
55 776
9 105
311 510
558 557
912 28
759 927
493 108
142 966
668 681
513 783
111 17
876 141
155 558
582 597
251 192
497 997
969 506
101 279
706 350
836 617
378 284
233 562
392 65
217 60
747 421
533 548
438 98
690 284
657 271
881 598
464 67
285 122
573 386
91 970
426 617
276 805
902 200
56 293
265 273
43 11
694 267
250 823
365 940
106 21
901 677
310 54
744 595
176 6
671 958
976 97
575 252
592 166
452 648
459 407
611 193
419 996
460 359
818 825
298 614
537 889
290 537
944 33
822 810
730 492
768 706
279 32
648 871
198 790
208 347
196 510
540 305
505 690
664 12
205 652
626 432
541 916
969 174
639 790
984 368
972 751
764 251
473 101
121 671
581 20
18 468
530 558
773 34
939 127
737 143
469 362
575 700
968 233
874 606
22 548
664 684
989 118
935 462
219 747
132 801
268 296
399 731
20 27
548 757
170 17
809 435
407 776
668 281
71 380
519 425
63 507
543 999
969 763
435 792
253 201
942 521
187 30
942 898
748 490
344 918
197 152
352 604
618 19
575 689
399 93
804 153
601 347
842 569
109 276
50 52
477 993
263 354
713 204
942 461
384 285
68 581
127 421
185 745
130 450
123 220
544 927
373 144
964 905
403 72
180 454
815 347
136 77
701 539
282 642
690 666
617 449
938 744
560 122
178 690
572 992
600 806
608 663
640 572
567 734
334 747
878 149
93 13
226 484
242 198
816 623
555 122
71 492
556 631
304 734
10 566
415 301
372 714
964 11
285 531
745 309
968 622
148 752
325 65
926 258
263 742
571 818
864 642
1000 420
963 303
844 663
870 950
964 241
663 618
943 638
839 378
947 806
690 786
247 706
851 173
964 113
915 534
622 468
866 311
578 518
615 112
180 484
415 414
452 357
742 290
735 378
95 425
163 33
130 13
206 784
818 811
7 129
969 563
440 547
80 54
349 951
228 100
785 643
204 927
0 636
216 425
13 2
540 868
35 670
881 241
143 388
742 841
207 710
403 648
947 173
392 295
124 311
85 599
954 980
216 644
615 432
69 319
124 609
186 159
970 757
90 803
836 832
644 42
232 46
220 463
164 34
774 249
323 727
920 539
61 224
662 821
233 786
429 419
636 88
867 416
892 702
939 535
434 170
581 815
348 491
968 512
215 741
452 539
157 61
768 218
285 429
38 519
906 158
628 541
246 184
647 828
886 585
362 10
755 634
515 103
815 482
305 30
222 447
259 69
508 717
979 484
837 707
2 742
865 320
973 802
505 619
319 80
895 682
90 649
5 605
442 510
777 438
230 999
885 179
759 83
897 737
567 733
443 259
164 999
579 827
490 83
135 809
164 29
180 945
369 876
240 501
386 16
939 616
706 514
796 464
597 382
891 163
805 333
422 969
21 691
485 511
465 310
10 319
30 190
263 399
757 503
590 142
210 529
758 916
733 243
379 329
625 269
182 429
292 294
87 4
985 262
573 215
768 603
96 722
692 853
915 972
995 124
500 442
39 923
376 108
251 0
67 123
120 50
417 207
54 92
470 259
231 733
475 690
25 571
101 407
423 15
378 107
831 569
239 870
491 615
669 433
616 426
556 426
476 664
633 530
446 793
790 367
525 955
747 550
215 848
957 328
554 25
435 384
594 674
944 84
980 612
517 285
38 764
711 204
735 563
827 214
930 41
859 677
592 73
524 238
401 77
263 526
461 547
199 95
632 869
707 839
153 435
602 864
640 28
898 64
281 724
969 211
765 827
888 46
900 101
976 991
870 929
516 20
476 405
115 798
274 513
636 427
638 238
291 277
957 879
31 238
292 1000
449 747
516 26
794 415
818 459
405 377
387 611
398 553
16 203
350 290
716 987
717 354
224 698
321 871
266 43
108 558
733 247
305 249
964 789
354 782
247 760
158 324
60 246
878 76
450 227
366 165
904 83
209 818
471 221
689 738
264 797
986 997
44 290
936 7
78 290
479 15
740 638
340 800
884 908
877 23
825 242
880 729
15 88
236 177
1000 925
915 954
722 590
641 456
881 576
153 649
866 323
355 605
651 695
405 224
292 281
248 116
213 127
535 229
906 772
406 906
696 10
549 107
600 189
253 170
510 631
420 865
236 761
249 331
985 541
612 232
347 825
49 883
744 956
344 840
551 730
850 99
528 140
289 781
568 510
375 678
374 301
438 623
632 423
854 934
345 201
449 395
774 192
350 117
32 591
537 572
690 64
712 979
536 713
723 794
913 98
472 287
89 910
910 722
22 454
655 368
655 794
763 428
987 803
235 709
393 772
280 773
527 683
442 753
85 164
546 998
953 17
284 42
618 885
454 640
338 799
698 683
593 150
110 269
643 35
978 35
497 948
499 23
320 941
776 405
795 322
93 748
29 67
480 647
642 624
978 670
422 675
352 705
826 152
974 158
187 641
194 375
279 383
88 599
323 865
695 117
877 788
555 596
545 725
934 187
857 461
275 209
165 791
361 830
950 239
160 834
304 439
216 392
729 229
256 113
346 823
901 592
419 445
316 352
322 665
953 179
816 227
78 981
18 129
500 658
58 661
491 362
790 707
755 208
626 701
321 972
524 912
253 633
47 570
675 369
925 317
238 740
544 316
410 252
446 911
600 194
261 90
557 741
487 311
950 112
11 961
775 225
873 27
548 610
287 913
979 211
229 908
951 464
223 361
406 359
962 6
554 222
96 801
653 274
111 602
76 813
253 851
38 816
569 276
425 856
189 93
67 418
0 708
882 915
759 979
964 720
985 207
632 771
7 285
735 118
577 812
932 830
352 660
645 921
626 760
467 815
854 224
924 544
622 495
458 381
473 112
791 457
319 423
919 327
708 653
135 284
464 757
805 507
416 139
427 42
590 584
547 443
498 470
677 120
966 826
501 128
938 291
586 256
404 194
583 111
847 719
86 1
475 581
508 582
410 625
314 1000
209 551
132 707
21 810
827 677
635 17
805 572
1000 80
518 403
274 792
205 812
200 982
813 365
562 320
947 972
945 951
662 844
192 794
241 213
603 758
580 928
776 74
499 465
846 708
558 810
499 763
621 699
434 123
63 996
443 701
658 78
341 319
612 533
112 853
436 406
611 706
333 76
781 523
541 316
230 789
125 729
242 437
117 676
560 180
362 694
571 19
462 913
28 73
135 831
927 572
236 227
968 260
303 748
783 534
754 12
322 880
431 564
6 548
931 256
418 292
640 680
311 101
282 29
866 417
860 482
679 787
709 647
46 702
84 829
235 529
531 247
98 652
502 104
199 432
50 307
724 691
987 725
482 959
444 347
376 994
519 745
780 227
81 516
619 857
34 544
385 565
792 483
216 293
277 105
415 327
103 138
17 89
553 190
48 997
537 114
990 747
549 460
664 631
976 283
177 10
827 562
265 618
44 172
601 11
968 706
338 70
534 46
851 86
236 589
773 463
393 763
209 942
222 874
262 888
847 439
588 673
0 544
982 735
716 272
746 683
979 775
444 512
511 294
599 747
573 371
900 966
824 800
907 736
673 169
624 209
298 211
882 299
755 863
724 160
135 160
534 804
935 978
315 445
962 604
882 534
666 781
499 179
580 95
916 943
955 539
151 253
440 724
552 886
586 966
736 411
125 960
214 59
937 220
194 588
824 75
812 179
547 310
359 817
96 274
450 50
503 291
303 633
14 545
208 291
511 945
392 636
904 607
386 531
827 270
809 340
346 621
520 583
621 879
399 717
843 539
458 345
831 761
978 535
516 507
821 909
833 414
205 909
635 722
179 134
61 215
755 271
798 375
840 887
783 682
426 240
26 947
691 695
171 687
571 378
884 81
286 717
495 181
625 821
903 804
955 654
18 709
926 506
774 765
393 246
447 509
176 163
145 868
858 6
554 428
384 438
509 670
845 695
851 159
515 443
654 159
97 672
558 713
869 21
477 952
268 614
460 444
778 295
311 325
301 556
444 376
684 953
45 528
337 587
377 542
720 30
701 817
393 258
529 261
280 697
212 238
310 362
682 778
657 684
103 648
930 237
23 613
189 760
831 217
36 207
759 756
238 460
263 631
408 482
582 378
178 484
616 179
846 989
647 192
672 440
530 601
677 554
904 867
3 734
774 39
631 532
485 559
682 748
880 90
230 461
158 98
945 775
277 480
763 925
672 124
54 202
415 732
446 8
288 449
742 61
178 62
593 663
622 966
746 21
653 904
119 287
678 87
768 130
702 129
254 756
331 359
487 467
367 775
916 799
526 784
862 119
447 173
775 548
364 520
569 16
423 378
995 101
465 762
922 166
581 867
923 603
225 409
69 593
875 676
81 400
459 633
209 906
806 984
143 170
503 402
877 617
781 561
408 936
322 329
102 594
195 24
196 421
123 265
704 688
941 475
779 400
108 988
996 914
662 139
774 855
231 341
471 702
902 879
638 915
899 740
508 93
454 704
204 267
659 598
646 600
73 424
690 181
101 685
785 453
824 249
308 746
280 469
447 181
38 84
786 937
824 984
720 968
377 925
235 36
522 571
326 595
995 15
466 95
700 251
549 214
500 547
960 780
706 406
651 434
181 127
370 695
801 90
663 178
705 588
905 226
158 230
512 152
245 978
938 635
849 418
413 498
888 810
595 229
243 776
356 614
470 156
394 823
24 98
410 929
14 568
849 526
410 784
504 38
419 422
905 958
531 318
456 418
127 741
647 370
516 693
674 676
850 758
499 564
546 909
183 561
167 31
777 267
506 971
305 925
83 901
572 614
218 718
31 35
95 664
61 770
340 601
217 839
165 764
437 348
14 604
69 791
562 575
452 557
189 535
457 762
148 365
169 870
400 628
929 496
291 991
956 321
281 172
159 446
626 597
484 640
891 244
121 142
509 573
700 699
107 156
150 946
212 319
815 612
637 744
798 619
424 443
940 705
306 99
842 932
386 15
262 967
259 383
109 459
646 809
157 443
655 998
388 867
316 893
169 644
326 657
262 750
100 201
145 96
991 677
27 376
692 980
343 642
52 452
100 698
951 948
140 605
945 218
162 951
111 331
594 437
678 856
878 778
748 713
564 738
389 282
805 771
261 838
102 314
289 202
#end of instance
#Edges of the MST by Prim's algorithm: 9999
# The total length of the MST is 80970.
