#instance800_1.txt
#area [0, max_x] x [0, max_y]
1000 1000
#number of points num_pt
800
#coordinates
127 137
6 963
285 34
433 179
343 61
702 450
924 650
828 543
264 276
682 517
579 230
84 445
332 385
603 534
372 881
217 499
17 223
462 994
948 895
172 981
646 564
430 259
213 949
493 167
224 865
684 804
94 458
939 427
844 541
651 215
421 869
715 128
782 867
121 420
451 984
400 787
547 521
736 450
469 228
617 693
93 991
496 878
449 434
995 292
975 336
197 85
204 912
905 676
468 25
786 919
700 186
705 246
707 441
387 175
359 694
868 452
685 54
20 133
178 14
115 844
350 312
929 244
915 833
611 382
549 396
301 248
272 5
184 669
136 571
844 496
956 402
638 640
146 658
463 324
363 268
167 403
580 787
338 494
309 949
877 858
34 868
796 307
563 981
666 700
241 200
886 887
292 523
526 438
181 679
452 234
947 620
637 217
96 975
711 405
613 277
954 648
144 749
645 398
419 0
97 661
200 673
547 492
195 764
930 66
132 382
300 770
692 938
987 788
602 387
883 215
355 836
553 189
275 888
587 694
888 374
44 88
46 282
270 242
736 200
308 868
272 299
327 964
927 3
441 528
391 323
433 746
159 676
935 434
253 212
127 832
586 863
610 633
144 880
565 880
79 563
437 351
862 765
4 788
768 445
6 849
769 129
594 618
806 219
51 749
431 869
580 707
731 189
29 875
69 594
754 839
157 882
881 709
646 575
497 103
20 193
953 789
322 236
96 127
455 147
567 576
15 146
974 437
26 2
311 786
597 756
314 444
637 194
152 973
770 649
75 480
842 27
959 164
955 54
982 409
201 548
676 907
385 649
33 101
651 345
887 938
791 200
381 117
85 534
89 855
182 855
24 715
573 983
569 527
36 240
626 928
479 992
524 864
640 558
965 982
593 541
609 383
741 991
190 826
524 970
370 396
824 394
801 86
66 369
613 102
300 930
720 779
921 244
332 251
802 987
923 394
527 531
467 267
521 657
784 735
626 844
131 139
929 622
226 995
992 839
97 982
768 507
760 379
751 91
630 552
77 552
946 604
82 412
561 604
759 34
28 384
879 159
524 807
782 440
491 463
278 278
444 737
786 894
806 536
985 435
88 752
987 724
45 759
136 606
52 585
331 81
970 900
931 183
396 402
623 887
865 591
165 999
17 951
892 823
486 566
257 264
317 934
989 362
383 815
659 435
399 680
206 58
579 137
241 975
539 864
861 94
145 25
783 162
666 675
986 152
931 933
416 248
557 94
300 940
909 649
64 999
328 271
56 597
408 298
571 637
852 122
731 997
147 514
850 814
879 525
656 809
147 762
747 704
857 738
333 455
76 398
143 95
359 200
692 457
188 954
93 730
75 515
417 913
719 266
416 287
791 71
786 628
524 223
332 70
961 355
525 727
443 669
822 802
559 204
949 747
157 42
476 923
247 893
835 966
849 251
943 329
12 728
958 226
951 980
296 601
334 512
328 778
180 840
269 429
734 218
175 581
951 341
503 888
925 28
543 773
970 485
102 982
212 750
208 854
729 504
454 753
15 782
220 886
312 180
4 45
88 870
627 38
211 129
616 826
157 158
598 126
333 390
799 235
830 697
88 558
891 543
311 597
14 221
172 326
401 177
372 489
46 689
217 257
508 833
82 356
681 371
172 13
451 971
249 281
357 27
529 248
570 840
845 585
61 707
601 152
884 663
642 931
351 859
878 860
692 651
215 372
21 387
76 162
48 15
443 95
42 973
343 613
502 878
888 253
585 178
406 158
842 47
88 883
906 967
742 287
307 647
350 18
725 426
180 463
131 314
558 173
286 592
476 478
159 363
732 744
542 828
903 73
875 681
956 470
337 388
448 644
725 798
662 139
914 843
292 44
847 851
217 132
132 694
300 291
747 722
726 979
549 628
742 113
999 698
274 336
776 722
980 190
519 332
330 122
865 622
166 711
162 73
533 294
457 833
276 895
555 1
563 794
629 305
908 317
693 181
653 468
903 323
348 111
655 678
233 519
991 89
920 152
162 452
137 620
975 413
204 529
414 767
323 733
71 921
49 764
792 393
922 384
716 270
495 60
638 418
269 628
197 188
471 359
330 608
669 304
20 873
524 124
640 537
857 401
457 596
856 248
989 777
632 704
737 817
454 375
925 723
693 121
911 163
170 240
771 840
235 481
402 759
605 732
295 151
824 752
748 679
690 426
145 11
821 883
828 274
948 752
998 330
563 598
494 733
529 955
262 764
126 665
212 421
86 507
573 910
949 10
278 638
436 424
339 256
997 166
221 634
608 218
964 170
816 147
593 34
102 856
798 228
210 9
649 296
206 912
897 154
922 174
482 48
288 821
995 284
677 215
918 284
123 572
144 940
719 738
664 821
593 462
739 493
161 78
789 368
680 375
212 292
240 385
340 528
205 24
503 573
240 110
547 363
682 692
993 401
119 657
912 712
809 341
204 660
109 683
718 789
749 931
80 679
5 110
206 901
135 399
473 65
510 20
118 882
712 111
973 831
458 575
232 957
916 126
616 715
499 24
503 938
645 584
616 650
694 823
550 829
912 23
894 421
734 703
994 135
814 966
656 962
540 578
608 145
704 914
860 893
938 363
831 582
637 446
922 330
959 472
850 871
185 433
982 609
135 975
744 639
631 399
290 170
977 588
6 370
502 556
262 129
609 92
402 245
229 323
266 187
485 806
57 360
929 39
969 64
704 712
393 334
801 374
195 467
962 201
837 463
447 99
283 56
882 685
301 110
698 257
298 183
753 45
233 682
775 202
746 479
604 829
503 95
202 698
562 164
589 399
317 36
188 600
92 760
284 83
561 673
31 859
856 784
594 779
465 369
981 901
538 275
730 40
370 622
739 622
786 327
20 794
363 899
393 145
659 368
229 219
40 260
768 586
734 51
364 199
420 35
99 648
0 829
689 370
451 427
992 927
444 703
720 498
291 804
333 640
862 562
549 592
512 316
177 246
58 231
135 478
957 234
817 957
754 505
16 895
622 699
821 756
401 231
253 382
34 587
22 586
839 571
177 41
578 44
978 636
275 112
804 923
36 620
879 790
815 896
684 436
594 505
192 685
426 135
757 150
412 779
736 942
40 603
983 618
647 650
944 612
452 747
534 488
57 103
278 872
999 962
999 282
156 190
657 272
15 413
422 428
883 157
59 923
760 41
230 96
381 173
709 833
610 933
320 667
35 288
229 724
941 227
5 787
107 352
59 813
456 481
931 338
329 990
951 779
721 180
876 101
353 274
624 653
206 635
320 242
923 239
656 553
156 662
340 263
704 89
75 850
570 697
187 589
686 828
58 407
7 624
508 50
588 823
704 794
457 714
726 69
953 382
623 108
734 963
61 127
742 827
978 1
523 855
591 209
683 339
306 690
963 504
431 550
326 134
33 783
848 450
853 490
832 165
598 255
127 349
382 869
175 359
560 699
214 150
598 897
179 904
276 141
97 707
381 424
531 105
206 378
555 749
558 386
914 155
331 731
504 713
289 370
763 850
759 667
690 46
253 870
640 529
701 737
927 82
160 457
878 57
526 432
496 83
508 410
930 839
831 123
241 120
183 3
660 942
670 39
988 613
909 627
833 300
364 759
72 214
906 950
271 121
381 768
896 889
868 825
727 698
#end of instance
#Edges of the MST by Prim’s algorithm:
0 215 6
0 157 41
157 738 35
738 687 28
687 177 26
177 115 24
177 542 37
542 57 38
57 160 18
215 343 45
343 691 33
691 455 43
738 376 50
160 154 52
154 16 33
16 351 5
16 188 36
188 635 24
635 116 28
116 703 17
188 653 31
653 793 31
455 757 55
757 410 21
410 341 9
410 785 36
785 530 11
530 698 24
785 585 30
585 795 17
795 669 13
795 760 25
669 603 28
760 477 29
477 581 24
581 605 21
605 337 17
605 589 36
669 618 38
618 601 28
601 408 21
408 2 17
408 615 33
589 128 38
128 84 24
84 634 31
603 422 41
422 747 16
422 436 29
436 181 39
181 632 40
632 384 26
384 353 24
353 53 16
53 699 8
353 3 34
422 244 42
244 302 12
302 4 20
2 66 42
699 638 43
638 291 6
384 677 43
677 158 41
698 45 44
45 260 36
260 528 35
528 506 20
506 786 33
786 58 16
58 360 7
58 666 28
666 309 21
309 265 29
265 481 14
309 425 36
425 522 6
522 290 35
128 117 47
117 254 35
254 8 19
8 234 16
8 362 20
234 120 27
234 412 35
117 65 37
65 718 25
718 156 8
718 207 21
207 497 12
497 722 8
722 275 20
722 715 24
715 74 16
120 418 39
715 60 41
254 356 47
356 525 40
4 363 48
363 390 16
525 588 48
418 770 49
770 662 48
662 526 16
526 374 38
374 764 15
764 491 49
491 576 39
576 392 35
392 597 19
392 778 26
778 441 7
778 654 46
654 281 48
576 75 48
75 544 36
544 104 20
544 33 35
104 753 38
753 707 23
707 358 29
358 202 29
202 591 18
753 393 39
202 289 39
289 226 20
289 728 27
226 11 35
11 26 23
26 169 41
169 295 35
295 492 19
492 182 28
182 224 26
224 134 13
134 348 14
134 148 41
148 276 16
276 243 16
243 663 20
663 664 13
663 681 22
681 671 21
671 729 33
104 397 46
397 755 20
755 352 36
348 516 49
516 68 14
68 242 35
242 442 15
442 72 47
72 721 14
721 126 17
126 88 25
88 67 13
88 676 17
676 100 20
100 537 17
676 612 23
537 717 27
717 499 16
72 490 27
490 534 15
534 99 26
99 640 15
99 538 34
538 541 33
538 411 34
538 761 36
761 294 27
294 239 27
239 617 12
761 367 36
367 355 33
239 143 40
143 241 16
241 448 9
448 748 35
748 335 19
335 706 15
706 137 2
335 630 17
126 424 42
100 607 42
137 641 45
641 139 26
139 620 35
620 80 12
80 147 12
147 459 11
459 658 26
367 185 45
185 315 25
607 704 46
704 331 43
331 102 31
68 324 49
324 726 20
726 616 12
728 693 49
693 375 32
375 229 10
375 583 32
102 285 50
285 96 16
356 652 51
652 472 13
60 124 52
124 595 13
124 277 42
277 298 19
298 270 39
270 587 17
587 661 15
270 21 25
21 211 45
211 38 41
38 89 23
620 724 53
724 183 19
183 504 14
183 339 16
339 386 13
504 59 25
59 129 24
386 547 31
547 132 28
132 150 15
150 759 44
759 543 30
543 508 11
508 46 2
543 336 29
336 24 25
24 332 27
332 184 27
184 321 17
321 197 24
336 311 34
311 774 29
774 688 27
688 112 19
112 428 8
688 119 34
508 22 44
22 551 27
551 262 27
22 293 30
262 217 35
293 19 43
19 250 25
19 167 28
167 578 19
578 92 39
92 219 8
219 330 5
219 40 13
40 274 37
167 517 41
274 379 48
379 1 46
1 251 23
119 371 52
371 110 27
371 754 41
754 14 22
14 631 27
754 30 39
30 144 10
30 296 48
110 257 49
257 35 45
35 679 20
679 445 14
445 475 20
475 796 30
796 792 26
445 125 40
125 235 20
235 685 18
685 334 8
235 645 34
645 733 24
645 305 35
305 404 30
733 769 48
769 487 30
769 304 35
304 765 52
765 328 36
328 430 41
430 76 24
76 622 22
622 164 26
164 476 32
476 553 28
553 659 22
659 39 11
659 466 15
39 113 31
113 145 20
145 725 20
725 756 12
756 619 27
466 83 38
83 532 24
83 267 25
267 437 14
437 683 36
683 71 19
683 716 26
716 557 11
557 131 23
131 141 31
532 594 42
594 776 28
776 518 19
518 398 19
398 413 37
413 286 18
286 562 14
562 799 12
286 479 26
479 772 23
772 168 29
413 419 29
419 213 21
168 579 36
579 628 22
168 300 37
518 205 42
205 539 12
539 405 16
539 732 19
732 25 30
25 727 26
727 558 13
558 700 25
727 519 29
519 284 20
405 467 31
467 739 15
739 149 24
149 473 18
473 771 18
771 32 36
32 236 31
236 49 25
49 670 22
236 673 31
673 482 19
482 575 41
575 409 23
575 569 32
569 85 32
85 797 12
85 372 35
372 79 3
409 282 40
282 798 29
798 252 26
252 62 33
62 407 11
407 783 20
282 621 36
621 136 25
621 672 29
136 287 32
282 306 40
141 278 42
278 415 31
415 650 36
650 486 20
486 227 8
650 566 23
486 159 26
566 529 42
529 584 18
529 253 24
253 550 37
550 463 22
76 731 44
731 610 22
610 342 15
342 214 28
731 365 35
365 559 31
559 399 9
399 263 39
263 191 15
191 741 10
191 381 36
381 41 6
381 326 11
741 357 37
365 130 39
130 133 38
133 493 38
493 758 38
758 248 35
399 231 39
231 590 40
248 189 44
189 370 19
189 701 21
370 787 29
787 565 24
787 106 36
106 568 36
568 175 35
683 373 46
306 660 47
660 478 7
670 656 47
656 564 12
564 312 21
564 208 33
106 680 48
680 737 23
737 414 24
414 280 23
280 196 16
680 540 24
326 555 50
555 310 42
555 488 43
488 198 20
584 210 50
210 36 30
36 187 28
36 101 29
101 686 17
187 194 38
194 13 17
194 675 37
13 461 40
461 775 8
461 192 21
192 20 12
20 152 11
152 556 10
192 223 16
20 720 21
675 520 44
198 82 50
82 186 12
783 549 51
549 218 27
357 427 51
85 179 52
179 794 31
794 387 17
794 269 42
550 746 52
746 123 32
724 708 53
287 151 53
151 602 25
602 401 11
602 369 24
602 47 32
47 273 31
273 6 16
273 790 22
790 216 25
216 90 20
90 684 11
684 225 10
6 95 32
151 535 34
535 469 24
95 668 36
668 682 23
682 577 10
682 789 10
577 582 26
469 308 48
308 484 6
484 712 30
712 155 12
155 107 35
107 465 13
790 423 49
423 249 31
249 366 26
366 571 17
571 665 19
249 649 32
665 28 35
28 7 18
7 237 29
28 69 45
69 750 15
69 599 40
599 749 24
749 55 22
649 349 48
349 283 30
597 15 54
15 438 36
15 474 36
438 444 39
444 174 22
775 9 54
499 454 54
454 495 19
495 389 38
389 702 33
389 648 33
648 457 35
457 380 18
457 350 30
350 318 19
318 395 19
380 627 36
702 744 37
627 176 42
176 259 45
259 54 54
465 240 55
240 417 38
269 18 55
18 245 27
245 624 12
624 644 37
644 689 42
689 193 54
193 317 16
386 447 55
447 696 14
792 320 55
320 163 25
163 105 27
163 647 38
647 512 20
105 489 44
320 768 50
768 446 10
158 600 56
600 378 8
600 153 54
153 611 14
611 781 19
781 452 24
452 730 23
452 511 25
511 545 26
730 546 32
546 554 15
554 48 32
153 763 36
763 460 26
763 271 37
271 586 54
586 203 14
203 736 16
203 344 39
344 368 29
368 567 14
344 261 30
368 383 42
383 394 32
394 613 13
394 111 21
111 307 21
383 742 37
742 500 26
500 91 30
91 29 16
91 166 23
29 514 26
742 10 33
10 752 44
752 94 37
94 431 44
431 507 29
507 458 28
507 692 32
458 743 49
743 359 34
359 524 5
359 642 9
359 633 25
633 178 31
633 97 44
97 580 15
580 453 26
453 572 29
572 258 33
258 674 26
674 480 16
674 52 28
52 5 14
5 292 17
52 391 33
5 37 34
391 93 35
580 63 37
63 195 3
195 108 11
108 614 25
37 138 37
138 232 19
572 434 38
37 609 39
609 521 21
521 333 21
333 646 15
333 657 26
657 220 16
614 64 43
64 766 19
766 531 34
514 433 50
433 50 12
50 713 27
713 146 19
146 118 16
118 323 20
118 608 41
608 180 18
180 142 34
142 505 17
505 346 8
180 266 46
266 678 38
678 140 33
140 416 43
416 222 31
416 548 32
548 31 20
548 470 29
548 723 30
723 734 42
734 637 26
637 626 15
637 606 25
606 697 11
697 228 8
626 773 46
773 56 13
773 788 27
788 340 44
340 503 38
503 667 25
266 502 48
502 751 34
502 784 39
784 279 22
279 264 37
264 714 22
714 779 46
779 400 41
400 777 33
777 103 19
103 592 28
592 327 15
327 560 18
327 122 27
122 494 29
103 172 37
172 593 24
494 740 38
779 385 46
385 170 20
593 439 47
439 563 49
563 268 25
268 498 25
498 501 37
501 171 11
501 598 33
598 316 29
316 655 9
316 705 18
705 61 29
61 206 8
206 719 7
598 420 29
206 382 42
382 464 37
464 313 10
206 515 43
382 109 43
515 432 43
432 435 11
435 573 26
573 710 17
710 314 21
314 325 20
325 303 24
325 44 29
44 485 29
303 570 31
570 735 34
735 70 23
70 443 30
443 173 11
173 533 19
443 161 25
161 238 13
735 450 33
450 209 11
303 256 35
485 43 41
43 513 8
513 690 6
70 27 42
27 127 11
313 483 44
483 791 31
450 114 44
791 81 44
81 629 30
629 536 37
536 596 41
596 523 18
523 449 28
449 200 33
523 221 40
200 462 40
501 246 46
246 510 18
510 471 22
471 767 11
767 440 9
767 509 18
509 695 17
695 230 6
440 552 30
470 406 49
161 574 50
574 402 5
574 329 24
329 745 26
27 561 51
307 301 54
301 364 30
364 625 36
625 426 24
426 651 43
651 421 23
64 782 55
782 780 40
780 87 6
222 201 55
201 299 25
619 212 56
692 604 56
604 51 18
604 297 30
297 451 7
451 388 43
651 73 57
73 456 43
456 623 16
623 468 17
468 135 41
468 643 55
643 42 9
643 496 18
496 694 18
694 762 45
762 247 37
247 199 32
199 403 41
403 345 6
345 12 6
42 709 54
709 396 23
396 233 30
158 23 58
48 639 58
639 98 36
428 204 59
204 272 10
272 78 18
204 255 21
78 121 33
121 711 28
300 636 60
478 347 61
662 322 63
322 165 60
165 288 30
288 77 44
77 319 22
319 527 22
77 354 39
319 86 53
546 429 64
542 338 66
338 162 65
162 377 35
198 190 67
190 17 19
17 34 21
34 361 13
#The total length of the MST is 23099.
