1000 1000
800
149 465
386 916
976 403
960 683
606 182
664 958
796 204
993 981
3 591
230 218
66 689
834 784
840 85
529 710
597 497
503 746
652 889
661 318
983 310
691 278
182 354
235 978
248 227
958 942
508 187
160 264
877 994
48 406
78 577
806 365
765 308
801 106
887 152
114 869
462 805
146 335
850 71
312 97
989 961
730 496
838 890
761 404
573 499
810 342
766 305
707 530
303 508
327 190
660 441
749 812
937 586
837 786
657 149
573 646
800 302
832 637
882 282
41 455
781 541
487 547
537 884
767 840
391 784
29 741
225 779
243 161
54 770
637 711
609 209
46 408
512 879
45 393
851 777
538 632
317 24
869 854
909 635
384 990
419 413
421 334
882 354
185 936
123 822
337 733
30 383
831 232
952 876
316 803
342 854
124 350
569 993
894 167
317 277
847 426
691 267
450 262
311 635
889 125
146 916
548 868
989 378
99 941
945 415
433 286
960 557
636 528
239 530
695 246
807 541
673 187
499 122
140 500
448 28
625 594
634 172
151 622
551 251
252 185
356 685
471 315
932 107
533 861
327 227
107 133
459 780
11 648
592 151
147 39
870 463
324 503
325 475
124 876
416 377
751 463
752 222
778 684
19 311
544 346
228 341
169 377
120 180
24 403
21 863
442 891
325 456
83 650
622 208
216 728
275 967
190 717
879 969
90 898
970 325
243 197
666 413
265 477
283 289
880 305
842 11
195 857
468 279
507 780
177 413
507 142
69 388
859 949
46 640
846 15
965 780
903 630
192 858
106 475
147 986
780 679
998 666
536 155
635 733
625 812
145 822
644 905
209 192
853 255
832 389
961 796
168 554
426 360
411 222
525 248
208 996
928 896
661 153
741 295
886 365
797 30
186 130
935 86
322 478
31 154
867 683
950 34
927 65
84 27
288 609
276 186
294 894
81 955
737 822
940 622
877 426
342 62
556 967
839 879
444 871
723 0
553 672
34 479
738 809
506 716
418 472
902 402
55 983
357 792
494 987
413 370
103 445
122 659
412 962
227 856
522 950
857 74
312 581
243 740
390 749
455 498
912 356
900 657
28 947
449 522
934 552
582 727
998 704
385 409
355 303
955 877
943 811
641 254
82 884
994 472
323 448
660 925
494 249
581 522
196 29
43 820
272 315
546 269
710 621
368 64
614 322
632 557
824 963
501 906
847 495
67 860
633 727
784 818
976 54
339 862
84 73
681 46
388 917
315 97
228 683
853 842
4 174
398 828
136 900
423 983
84 490
532 407
907 5
224 573
60 254
434 835
327 806
881 405
412 195
503 640
568 45
482 262
219 570
90 355
159 203
28 243
694 560
341 600
256 565
172 316
509 297
150 836
793 30
241 204
916 434
845 483
169 16
745 388
586 525
433 746
729 461
679 112
712 19
712 658
275 575
974 784
562 814
310 354
844 241
248 449
365 92
932 534
108 366
922 385
582 44
821 310
196 499
422 598
209 824
255 484
88 228
958 340
41 958
694 575
198 943
23 563
725 645
787 524
701 398
599 282
443 419
282 639
918 394
236 126
218 491
300 997
409 949
337 140
906 721
715 795
353 428
47 78
72 835
292 773
923 891
746 365
309 27
694 917
422 620
734 330
801 33
16 209
672 353
349 268
765 754
753 117
181 800
886 944
324 177
717 247
758 152
302 66
179 997
674 291
306 407
311 107
130 328
6 803
371 46
70 135
800 823
944 672
312 829
615 637
697 21
574 144
173 566
902 43
562 575
334 559
982 646
666 111
664 362
914 34
408 674
861 899
186 804
570 499
322 875
826 709
897 89
854 760
655 755
803 908
329 137
466 310
473 822
111 136
183 25
861 592
389 721
180 576
214 440
765 537
314 590
936 901
369 789
661 23
233 463
931 562
290 86
562 453
908 674
279 91
389 140
373 468
861 243
43 75
683 498
302 687
778 237
588 146
26 939
861 950
91 791
512 72
568 764
525 475
127 805
256 206
945 319
675 495
252 408
260 935
907 562
312 374
490 900
521 206
528 381
155 619
862 667
381 429
121 907
595 939
401 541
145 35
551 510
530 803
918 481
738 514
42 740
889 532
639 99
738 857
480 894
165 31
250 547
151 61
453 746
0 544
977 836
579 527
345 799
330 953
279 758
157 12
497 736
234 826
835 663
372 4
556 537
726 496
83 877
248 226
312 248
770 289
83 38
816 118
838 836
70 807
283 227
819 470
653 53
986 487
406 357
181 652
895 908
147 978
474 85
204 787
333 664
75 106
703 581
915 230
107 986
36 390
903 546
861 556
289 536
733 695
894 605
346 788
202 183
455 676
269 659
462 292
13 227
89 716
809 3
946 916
679 672
996 272
908 546
518 196
82 941
891 976
545 927
453 437
110 908
113 69
567 265
361 580
493 140
986 992
144 621
907 513
983 592
785 891
138 302
86 911
243 668
886 478
284 338
916 394
245 719
153 502
984 205
772 476
345 447
157 179
67 63
693 741
346 477
631 174
470 717
84 403
74 660
881 359
998 796
443 933
204 597
125 188
802 587
354 146
725 512
326 482
265 709
222 611
185 853
785 345
260 559
748 334
218 629
693 906
114 827
839 319
423 654
197 224
931 551
60 655
62 76
137 18
785 359
319 661
212 104
5 162
663 754
496 572
72 880
477 877
706 5
886 128
659 82
42 590
324 793
935 76
870 71
94 654
121 414
4 333
208 10
495 561
454 681
132 216
560 610
783 956
615 669
774 965
441 816
244 765
299 178
842 168
250 936
512 61
39 517
84 247
217 269
809 361
950 631
267 200
240 49
155 546
718 620
510 159
125 754
614 424
932 455
592 872
81 104
933 120
311 16
58 218
285 557
579 926
187 536
125 428
585 971
974 994
590 483
843 716
927 456
139 858
912 422
420 683
216 352
803 527
59 551
745 34
107 13
960 295
549 84
413 824
746 76
817 335
559 659
741 175
806 881
32 717
302 142
89 518
185 582
735 244
133 169
278 240
873 238
225 111
12 638
935 758
714 752
784 963
100 524
137 906
404 861
312 396
2 401
604 878
674 28
121 807
888 90
46 760
18 963
871 30
600 496
479 314
938 262
276 37
476 104
634 571
965 636
967 657
728 261
535 401
289 346
207 868
436 944
627 144
906 188
866 506
684 344
510 621
296 476
348 772
270 672
342 925
308 1000
582 35
260 807
436 239
843 333
797 970
276 424
113 873
302 979
68 676
12 578
296 999
744 334
771 14
939 314
802 210
39 752
707 475
682 550
808 478
519 774
592 632
336 894
301 404
569 3
672 555
2 106
890 773
120 586
575 749
590 67
960 629
509 666
103 190
215 601
359 424
64 951
747 401
535 47
495 794
50 858
349 52
964 929
515 83
204 781
832 794
538 481
422 46
147 525
928 52
816 286
477 570
927 914
661 461
961 156
255 701
13 294
444 977
222 649
750 426
429 581
219 657
753 331
704 900
856 321
642 361
607 809
931 223
722 592
685 372
438 630
764 141
924 207
117 836
856 867
952 976
137 170
632 890
501 25
479 46
346 812
97 643
310 718
867 32
1000 241
94 437
871 858
578 484
64 385
319 611
942 270
276 770
130 598
349 321
624 519
57 660
330 845
994 640
