1000 1000
6400
833 350
793 261
809 338
532 885
140 833
868 211
493 45
451 500
869 296
892 149
539 214
695 355
308 652
579 822
841 53
846 674
94 328
935 903
667 157
787 497
990 654
709 172
389 850
362 258
837 944
97 65
157 482
420 156
825 999
978 665
743 823
28 837
151 654
739 508
501 216
4 180
560 403
352 950
253 404
898 89
347 685
845 194
167 264
350 682
953 17
36 385
841 65
221 682
719 651
189 219
557 884
399 116
287 441
65 230
845 653
9 882
338 854
766 195
808 807
877 450
514 913
836 44
978 747
726 386
87 605
295 644
179 384
761 466
825 516
386 359
169 395
931 507
939 387
702 746
884 578
195 397
180 721
442 158
468 167
234 245
463 530
890 642
914 650
798 429
165 183
478 24
268 409
531 206
486 923
642 369
500 527
766 371
939 207
529 406
65 453
341 218
983 230
860 587
570 347
15 426
220 493
450 488
592 982
384 77
594 716
446 785
242 903
155 180
800 684
276 865
136 618
773 810
538 322
396 108
669 101
534 889
594 984
66 877
655 450
954 249
165 90
33 98
993 188
969 792
562 936
347 388
553 119
888 781
442 283
889 801
74 112
690 359
96 756
235 441
897 879
690 61
969 413
850 961
291 819
443 853
754 790
932 997
909 819
777 40
793 356
842 867
468 221
225 254
977 150
696 873
29 75
625 998
179 474
649 470
983 91
13 736
881 945
422 479
453 890
520 245
245 51
803 713
272 718
658 939
869 353
812 898
118 126
895 297
600 543
768 583
324 471
8 204
105 431
684 558
320 894
494 255
635 296
658 907
13 315
845 882
668 346
469 787
472 54
83 763
287 541
345 612
11 43
816 116
164 189
365 174
773 859
429 407
845 87
3 858
402 849
430 761
885 589
237 357
643 10
119 931
552 154
232 253
197 47
60 52
928 425
226 700
974 656
798 818
743 801
365 835
339 485
595 224
74 522
271 407
533 80
27 84
234 259
27 121
998 87
173 925
202 400
314 866
746 802
683 178
603 739
12 632
914 298
546 678
820 817
85 352
897 803
126 821
62 845
633 750
622 496
364 825
586 678
690 331
480 63
509 773
492 212
404 405
510 951
83 19
457 859
372 44
661 188
555 413
32 878
162 655
374 526
169 650
895 859
982 64
612 180
837 794
392 931
199 592
571 973
612 719
831 674
763 491
862 317
905 895
195 757
239 259
283 408
909 868
957 580
932 569
761 458
362 843
78 251
125 650
223 737
368 53
100 821
235 962
828 830
546 713
586 785
972 559
883 571
426 840
150 357
98 601
505 150
444 584
402 569
233 625
996 291
369 95
802 604
747 629
123 984
342 709
458 3
959 341
574 384
180 725
432 969
325 937
118 459
520 520
718 443
836 713
424 204
498 225
498 936
545 621
919 887
19 66
890 978
407 464
362 277
879 484
245 203
420 364
663 631
574 70
764 409
784 879
303 972
103 801
907 648
421 515
224 441
272 114
108 369
268 470
647 146
954 582
39 64
636 392
385 901
463 148
309 246
26 613
908 821
103 505
158 525
19 73
656 291
187 764
661 145
925 998
291 568
269 330
322 596
723 707
496 185
546 495
121 262
798 719
82 902
223 932
116 243
4 462
224 882
916 575
717 530
262 7
98 222
27 420
818 440
818 3
315 363
188 126
625 987
846 398
578 68
19 384
1 714
536 917
285 451
491 1
982 444
699 770
666 726
880 483
857 697
176 862
750 54
989 65
731 524
153 308
592 172
382 284
886 918
200 861
369 381
862 40
825 560
500 490
285 379
663 832
767 529
694 206
584 372
271 314
896 424
313 487
286 695
461 862
613 351
722 672
733 583
402 247
142 902
738 118
971 90
640 427
620 333
324 894
705 595
207 600
710 520
778 686
906 929
548 208
280 960
880 12
233 972
259 65
563 687
183 223
468 514
651 778
847 975
671 242
259 878
532 659
88 1000
345 994
929 583
892 208
232 771
911 465
432 860
531 685
237 404
908 705
918 248
482 455
913 152
697 863
720 919
521 498
919 556
181 537
138 72
745 61
533 345
526 655
204 56
339 441
151 247
836 68
495 317
523 98
159 910
961 570
519 481
67 437
728 940
974 556
11 408
617 235
443 143
890 647
890 229
779 40
166 614
109 661
622 322
449 781
923 409
350 441
581 108
568 308
47 231
864 749
329 481
674 772
314 564
108 203
483 577
244 649
191 43
1000 503
365 449
974 978
858 324
418 438
122 676
436 860
597 300
608 926
471 973
387 785
536 496
988 18
72 231
667 954
274 666
146 330
805 120
307 663
444 416
791 256
782 918
115 379
217 413
995 378
385 382
162 611
568 840
629 330
71 986
975 35
342 120
55 146
240 363
499 374
469 981
630 250
898 435
319 805
539 314
182 614
386 34
225 644
874 544
974 945
530 948
671 562
759 726
708 999
779 898
63 247
878 383
188 465
819 197
269 47
511 141
661 587
175 886
230 48
120 895
684 340
532 44
902 290
770 299
980 239
196 42
176 764
425 364
228 934
562 497
981 763
638 642
40 503
217 961
552 337
545 926
677 77
970 578
57 429
568 727
668 764
769 845
528 885
899 446
508 150
944 489
604 271
821 334
465 728
294 16
65 530
942 432
297 601
701 354
29 268
81 388
722 540
923 940
114 511
386 313
662 19
802 956
981 312
289 445
39 273
151 795
803 783
918 99
383 618
144 103
576 916
491 297
145 413
928 951
924 3
263 275
22 755
230 693
757 209
138 486
173 289
281 666
763 889
456 145
196 600
248 772
205 429
759 40
532 376
991 456
379 944
421 91
698 342
785 144
551 923
631 414
902 602
80 664
490 536
500 686
826 438
457 721
868 906
761 399
282 442
545 661
385 967
753 774
308 227
918 549
840 548
964 741
149 734
95 329
269 285
14 785
723 161
505 280
758 265
680 39
397 915
390 783
571 833
246 879
59 163
118 899
402 772
330 551
505 425
881 464
400 585
248 122
747 443
403 194
398 773
233 796
687 313
268 258
146 514
827 205
677 635
104 78
96 434
320 601
549 891
755 949
475 2
761 912
135 163
105 534
626 28
329 3
342 597
952 488
801 468
693 477
794 487
246 890
921 566
491 159
456 245
107 621
939 869
533 764
722 328
297 38
357 316
732 699
603 683
186 403
841 569
571 634
56 817
524 667
382 705
827 528
950 624
148 578
182 371
32 595
700 329
633 56
336 364
445 939
737 631
342 577
890 913
902 946
419 425
303 491
129 129
18 769
443 857
37 626
228 69
220 618
398 543
364 734
597 809
363 333
129 395
600 18
998 501
655 416
926 958
907 745
777 615
514 219
161 241
535 389
310 755
697 398
297 60
823 894
869 185
917 998
270 517
707 267
708 361
683 324
8 279
68 785
584 272
694 745
513 229
825 513
674 521
912 972
272 734
555 140
609 162
829 879
369 535
145 76
896 518
400 594
487 159
68 70
121 762
505 325
681 329
838 355
541 749
16 813
172 261
953 781
423 471
659 792
5 494
559 591
11 649
184 188
498 252
258 620
705 764
945 385
783 472
430 323
912 136
826 83
398 469
555 511
940 904
994 946
398 552
226 99
200 411
979 699
663 236
8 57
690 643
443 163
114 563
176 716
700 2
800 788
161 44
989 100
948 982
736 35
533 963
826 424
63 804
813 726
730 821
474 110
153 607
273 267
169 139
984 559
141 473
346 993
207 335
93 154
6 519
881 230
481 396
654 544
199 156
961 619
977 434
729 129
40 692
86 900
832 760
459 663
923 495
656 129
520 439
975 527
958 545
757 129
941 100
363 139
256 323
758 923
447 177
742 177
869 828
768 390
278 226
53 891
721 399
20 241
838 685
458 485
229 214
614 169
314 978
999 570
991 446
492 128
623 233
305 182
751 72
572 719
989 315
610 400
404 320
331 241
4 789
417 924
2 30
92 6
7 90
576 689
226 758
817 850
681 812
31 121
575 293
841 563
299 140
963 703
460 984
635 154
772 51
77 774
772 860
470 470
640 45
158 866
493 975
405 864
476 436
986 50
420 516
304 409
656 957
111 806
941 436
650 712
487 727
176 259
276 646
729 916
382 577
471 875
241 877
739 717
2 414
458 422
930 762
831 275
718 633
80 658
68 730
60 246
146 236
505 422
572 924
27 954
500 498
519 741
374 948
147 377
51 605
489 981
366 10
946 775
643 716
122 401
135 182
647 972
108 151
393 681
765 110
324 264
298 533
695 363
480 843
740 531
447 919
201 504
929 146
278 261
552 400
663 687
273 309
658 381
151 741
752 916
541 76
871 840
609 565
202 780
97 632
0 235
240 202
739 169
38 707
120 281
106 473
968 69
783 316
451 624
56 202
539 598
969 99
127 268
665 329
738 452
651 738
687 891
630 115
750 359
512 871
640 619
343 607
378 816
923 829
439 670
722 669
958 380
768 84
648 122
103 385
575 754
814 952
644 443
758 394
802 269
955 441
578 988
739 957
494 351
475 623
20 196
291 668
577 59
752 915
872 855
991 136
608 804
88 943
246 536
26 739
805 671
870 73
348 608
29 842
650 504
465 360
391 446
28 968
195 780
572 67
325 562
203 623
365 982
565 302
517 281
40 12
952 910
85 991
208 805
832 858
308 987
217 389
433 245
46 318
716 619
385 731
180 279
353 236
260 609
538 468
890 268
170 532
177 255
212 75
59 43
933 57
721 841
447 844
776 493
161 491
802 237
221 983
516 265
909 466
874 446
624 453
714 794
675 581
739 887
347 798
621 970
546 341
810 683
875 586
866 35
767 668
963 989
340 168
944 248
635 817
384 949
269 788
743 635
58 481
521 405
970 832
375 205
863 184
888 737
460 753
463 227
110 425
906 450
594 849
388 919
355 772
557 314
559 299
949 618
471 160
713 130
992 87
335 855
963 913
591 422
355 53
339 466
169 244
606 763
783 995
371 137
456 928
452 706
918 400
323 78
560 35
208 242
814 233
96 776
836 377
888 190
431 227
346 290
471 953
52 945
637 113
81 92
40 533
488 648
624 811
726 874
537 624
115 40
857 902
816 692
279 703
573 400
620 919
690 782
561 432
726 197
545 807
981 275
30 468
924 344
970 649
908 196
273 23
236 820
615 742
512 894
134 84
293 755
693 983
536 254
414 952
141 649
448 812
925 478
971 848
512 940
496 420
826 459
133 61
279 748
803 481
642 937
255 625
381 948
298 917
892 402
868 33
51 316
535 976
484 505
513 997
134 8
106 960
158 239
711 437
677 203
608 318
140 863
634 211
500 932
128 392
333 686
115 384
692 650
49 176
155 562
863 289
261 659
940 419
898 650
546 574
544 153
583 374
706 907
585 205
838 713
597 861
89 712
936 781
362 985
647 207
547 199
186 498
858 816
917 445
156 152
710 700
996 983
73 701
889 658
906 726
61 503
276 150
905 211
621 957
196 959
163 433
157 40
931 15
856 537
150 11
689 860
711 684
842 784
384 730
132 980
145 193
482 422
33 77
633 654
33 519
612 888
952 460
928 572
475 783
108 625
485 487
175 195
861 16
670 244
437 802
915 582
995 86
694 27
163 327
371 197
775 488
133 702
59 298
174 168
613 659
345 788
855 206
495 524
140 932
325 54
203 9
141 898
727 304
915 97
191 450
461 966
938 284
357 688
272 532
856 886
190 200
363 735
96 858
949 237
479 964
291 683
663 432
270 389
427 184
177 618
324 328
584 953
613 631
640 885
162 495
460 43
385 824
468 482
681 107
409 851
761 700
533 424
823 493
813 249
677 680
867 691
8 140
643 311
772 282
195 624
467 656
667 853
169 826
24 850
933 433
390 693
823 923
807 645
415 620
894 782
990 451
473 998
591 115
308 52
88 194
677 555
540 33
97 709
859 812
248 481
935 639
865 758
251 671
402 667
981 296
138 661
747 301
658 27
107 657
80 195
541 447
750 80
170 538
789 720
349 727
200 284
365 755
41 617
116 133
974 96
119 802
757 556
103 105
584 210
452 354
95 993
491 535
763 661
72 241
380 112
968 271
396 333
25 127
640 141
260 613
929 380
414 375
936 207
170 209
107 622
253 202
304 744
428 66
405 190
307 475
302 275
746 388
298 462
515 938
603 466
550 221
536 654
597 161
862 767
371 659
79 314
862 383
58 980
140 153
169 447
628 162
412 374
550 710
836 756
647 128
912 887
40 447
231 327
608 92
784 669
751 863
984 302
937 732
972 76
885 141
523 512
303 936
576 543
335 101
989 983
230 900
559 270
346 790
287 645
572 70
3 13
934 677
5 870
408 978
946 983
118 158
185 111
784 761
344 119
863 333
792 783
232 350
743 269
831 29
604 402
99 607
105 723
975 111
592 72
88 227
55 897
76 240
698 860
691 41
979 553
64 770
335 297
811 77
256 641
797 860
733 897
466 839
619 130
640 902
203 728
128 258
624 895
188 11
755 879
52 423
122 808
884 457
104 694
225 360
24 21
910 447
608 375
976 227
506 615
128 399
342 947
657 656
842 535
357 286
413 100
709 225
908 592
373 702
976 288
61 690
309 661
137 608
726 112
835 231
418 653
320 450
289 977
797 821
201 153
106 305
253 506
530 160
97 903
862 764
190 613
453 190
273 590
798 1000
393 322
921 811
665 241
951 644
908 747
155 800
901 952
104 844
457 324
4 245
227 556
8 107
860 461
988 132
742 475
822 825
487 433
325 842
364 275
486 271
22 641
761 613
592 865
456 740
189 150
985 106
707 683
904 566
143 582
388 575
56 210
399 234
333 724
75 697
1000 561
658 712
892 419
324 484
974 780
914 162
931 898
959 327
580 553
893 413
134 280
679 190
180 77
424 513
802 190
900 491
751 558
202 643
977 526
817 950
305 420
803 926
317 451
252 587
3 835
690 137
806 368
18 986
136 132
189 938
322 88
428 73
336 630
406 312
846 913
953 841
332 755
767 339
205 709
616 900
544 305
36 349
364 54
24 500
187 213
127 509
993 245
272 328
875 368
331 410
280 283
250 612
728 16
641 623
726 256
522 269
252 249
308 616
303 332
806 180
546 933
380 228
177 652
246 742
711 577
151 991
550 91
293 968
108 934
281 524
881 803
483 132
51 791
438 45
122 243
916 358
866 295
276 733
638 523
474 348
790 315
338 340
406 321
998 204
255 278
418 826
772 591
958 823
381 395
558 194
328 474
242 193
769 519
926 406
732 89
444 521
94 783
551 190
103 549
395 48
827 503
874 598
94 521
111 165
606 669
49 934
833 983
126 292
501 742
698 232
521 142
443 615
615 995
806 408
543 891
147 59
83 711
348 177
923 459
33 528
818 773
462 651
755 278
943 946
20 330
868 231
162 311
847 467
996 342
566 538
232 713
287 315
113 635
183 35
93 907
564 602
679 716
252 124
994 885
69 704
905 938
936 758
939 472
224 934
814 790
161 45
192 448
50 997
83 233
31 867
830 285
468 199
0 410
323 995
294 392
698 890
19 323
647 958
795 871
581 608
351 742
343 543
190 394
539 273
317 261
830 147
546 298
346 547
708 359
231 693
751 619
582 461
943 228
108 427
789 690
35 139
431 68
373 621
462 602
584 470
553 414
307 99
402 343
336 800
702 257
492 142
876 764
603 508
992 712
936 471
401 661
610 522
729 673
143 882
966 417
351 518
521 658
307 923
0 333
413 392
590 905
534 466
669 137
974 350
539 909
821 630
259 121
151 989
484 985
870 449
402 911
968 613
568 965
226 258
298 639
650 888
543 874
353 902
701 17
252 239
616 763
869 876
884 711
554 368
695 113
507 787
23 164
400 591
129 316
539 427
955 879
4 187
752 48
89 453
65 31
692 371
794 251
246 368
962 490
426 346
603 933
133 626
97 533
907 917
539 445
33 493
13 37
680 766
85 459
218 841
180 600
212 665
541 148
32 192
639 458
539 241
80 672
558 177
895 464
784 433
600 817
616 613
855 986
378 630
445 286
161 315
577 63
980 117
902 11
310 540
159 539
472 931
210 720
107 795
183 582
918 473
398 533
86 943
518 154
263 653
441 424
969 17
177 948
825 78
650 825
309 499
363 471
429 573
190 227
57 63
809 975
537 897
507 313
840 716
467 102
368 598
216 26
305 393
665 130
471 4
955 780
193 8
250 623
581 130
540 329
194 38
303 421
935 501
734 464
907 891
566 965
489 472
992 794
865 346
614 336
350 259
806 543
267 747
856 538
877 85
867 70
123 861
181 749
51 915
903 958
806 469
612 985
631 293
778 496
639 82
522 989
341 327
532 608
73 77
836 641
163 703
401 286
253 583
725 304
497 628
952 993
787 253
977 417
547 445
603 185
527 124
174 868
142 396
165 215
163 0
546 326
393 948
303 336
530 27
330 26
345 972
710 131
225 686
239 772
130 842
647 657
657 821
214 799
907 69
704 70
761 250
86 153
197 389
180 727
107 510
443 452
482 843
274 707
529 513
168 349
44 815
6 701
326 911
189 923
981 584
993 431
834 79
274 721
158 454
137 265
965 270
718 446
113 992
843 642
194 10
991 929
825 687
320 841
288 509
764 959
92 756
389 616
525 663
336 684
117 473
639 81
744 356
217 857
37 59
188 231
69 869
160 584
556 480
115 844
679 879
802 772
324 881
387 850
543 414
223 660
887 862
431 320
909 648
867 946
397 54
868 466
924 27
741 169
197 856
703 876
734 194
337 748
74 415
287 617
829 200
968 405
62 398
726 661
737 282
606 133
27 473
290 641
190 721
810 77
576 512
644 1000
396 981
437 470
395 725
777 914
925 744
319 677
833 735
337 569
707 634
392 734
797 682
374 678
402 874
755 668
75 398
357 471
69 795
941 154
519 718
68 133
151 77
811 984
502 147
242 208
471 635
943 268
316 6
946 409
881 700
76 956
789 124
427 858
609 57
702 818
775 460
951 617
537 761
600 729
599 843
938 69
477 570
27 483
576 973
582 456
673 659
102 151
473 529
699 81
586 400
899 51
861 539
668 87
991 958
817 589
490 444
348 657
13 376
140 589
348 722
736 711
70 838
552 233
56 250
314 332
341 903
73 892
132 741
979 122
389 485
401 879
929 439
536 632
815 676
912 854
87 647
254 849
174 807
81 921
747 86
252 87
679 326
979 811
757 648
623 145
823 23
24 752
463 250
73 968
926 985
511 703
321 766
241 495
262 323
415 699
99 358
477 778
684 455
279 130
793 902
276 616
616 991
57 78
240 130
736 856
115 247
248 436
703 490
622 655
813 727
353 912
84 830
379 458
976 348
589 768
250 555
73 866
545 130
634 475
261 369
330 66
306 578
502 8
67 814
663 570
541 707
171 625
536 241
774 201
589 362
970 529
607 733
84 151
864 718
316 815
778 646
881 774
914 382
783 672
887 135
932 427
842 103
742 68
34 515
269 623
567 929
152 173
662 236
14 215
645 330
29 112
666 910
886 580
982 358
942 868
184 873
294 716
666 727
784 700
932 744
323 499
362 165
362 23
91 377
929 426
397 958
538 63
557 114
333 539
162 274
96 346
837 81
62 503
808 536
202 739
970 215
928 332
380 290
45 472
357 975
898 754
622 126
507 179
931 840
718 92
804 504
129 331
585 882
834 392
107 35
822 77
251 749
409 321
729 144
483 85
118 381
530 741
197 36
610 127
567 17
910 60
521 38
391 106
920 915
188 27
951 9
104 892
759 203
903 487
347 386
263 156
457 793
587 654
519 196
471 776
904 380
527 424
419 918
220 28
833 409
55 473
418 850
54 867
743 647
44 781
32 307
627 489
790 213
833 999
99 303
775 2
374 301
116 793
909 337
511 431
436 257
594 544
797 338
411 540
986 145
10 17
452 637
197 932
850 720
930 639
23 704
331 87
695 447
570 294
474 80
415 600
337 9
144 134
37 245
364 22
390 374
731 532
10 618
463 550
337 392
188 50
96 519
137 481
656 707
775 821
788 881
420 815
890 254
639 617
499 2
640 579
376 60
110 76
678 573
626 14
966 814
65 752
22 893
232 369
600 698
189 77
578 299
582 157
244 221
774 433
223 103
12 290
163 122
366 531
386 993
236 351
496 992
793 519
884 715
888 173
412 767
250 680
756 833
527 1000
53 992
123 967
785 135
256 639
948 623
169 333
615 405
374 801
396 166
319 971
882 897
143 984
353 84
354 109
607 571
799 350
562 922
316 37
747 573
676 385
886 535
718 190
631 783
991 717
949 310
687 520
897 521
504 941
605 548
740 211
118 538
561 371
150 567
408 587
139 774
972 715
999 380
905 629
162 896
346 801
896 723
321 482
243 825
422 848
62 161
749 180
390 1000
241 540
567 649
817 396
112 789
111 111
859 15
740 20
601 776
821 496
499 141
979 432
656 90
971 718
252 719
589 642
719 830
872 285
169 688
681 281
166 482
82 24
498 513
44 98
288 556
285 477
387 954
600 43
43 570
451 986
979 39
627 697
560 498
672 729
877 43
700 733
525 783
758 713
295 492
812 273
738 787
441 125
430 40
168 473
610 309
459 588
39 776
976 599
965 337
17 531
380 407
263 596
880 20
308 865
203 810
138 941
596 579
65 716
309 924
189 609
924 338
887 963
804 862
251 768
989 960
365 252
555 245
963 864
109 165
673 938
797 960
206 862
675 515
476 554
123 399
582 10
361 76
562 302
534 141
260 523
101 625
775 656
870 737
209 670
903 573
607 699
532 814
250 897
328 726
141 142
815 413
843 866
489 94
167 23
236 427
546 337
52 10
683 612
747 893
281 339
465 889
728 687
702 669
273 720
84 414
862 900
518 704
765 697
799 623
720 725
49 956
61 792
656 744
404 403
326 375
432 791
263 160
477 655
519 441
65 603
545 927
502 62
321 958
760 810
580 169
224 319
816 285
802 471
719 896
564 736
270 997
526 224
847 694
569 365
134 634
968 679
251 160
432 262
808 882
762 77
50 986
396 556
961 197
27 369
783 591
104 53
277 631
277 123
14 536
178 839
170 146
517 421
997 639
373 804
520 134
881 571
119 967
817 79
855 844
448 637
125 553
690 92
874 657
216 578
193 394
416 53
230 623
474 917
262 847
720 782
981 600
42 790
257 860
869 111
393 6
748 208
249 128
301 813
785 207
390 668
291 496
721 522
119 885
128 71
731 849
853 401
138 586
881 395
135 439
506 218
136 945
427 385
72 418
889 547
625 969
215 916
465 936
127 274
821 256
345 241
104 888
333 933
473 904
328 298
343 524
517 479
468 634
554 540
51 442
87 676
411 993
281 566
928 409
530 438
665 875
370 459
452 393
81 616
296 409
914 639
934 120
117 91
754 362
632 805
804 409
170 905
401 452
160 18
861 690
147 215
254 517
364 707
910 445
322 205
545 235
535 168
356 342
259 800
704 891
605 198
990 775
102 80
226 954
99 777
643 937
992 588
453 45
294 52
491 616
948 726
541 482
894 587
515 152
387 218
734 992
416 723
456 209
494 373
162 593
149 495
219 832
82 672
877 66
414 57
682 51
783 914
534 676
500 739
519 887
647 252
568 754
665 24
963 158
87 815
441 236
1000 660
67 773
21 635
839 435
692 211
487 165
124 711
531 624
449 49
201 786
301 769
539 967
483 501
124 570
5 256
497 5
916 564
468 938
889 306
62 581
517 239
436 331
950 967
956 88
16 847
875 317
305 413
974 789
605 789
48 300
44 545
996 960
800 463
587 688
460 650
959 977
889 394
308 529
51 954
307 67
800 872
384 795
285 48
583 580
837 322
880 881
557 566
530 46
28 117
425 488
457 73
155 35
158 153
254 209
797 562
276 286
433 350
80 408
398 354
678 234
676 248
805 923
814 335
970 842
142 394
20 289
467 175
14 315
328 269
524 124
521 800
100 644
150 180
743 238
534 420
163 209
668 968
132 481
993 792
13 825
876 33
804 32
899 819
348 917
778 872
731 989
672 831
632 512
10 374
750 545
795 603
444 152
571 266
324 253
57 337
78 933
60 882
966 649
390 313
565 858
875 295
846 546
125 168
748 826
542 188
370 26
791 505
179 51
771 193
305 519
530 383
451 280
955 106
929 35
109 183
583 985
478 429
220 293
597 969
809 829
156 870
856 637
374 725
689 144
918 994
663 137
66 805
107 711
911 726
746 20
909 329
695 386
448 915
369 735
883 177
563 729
46 108
366 110
833 745
255 440
738 608
267 494
102 374
204 704
99 641
414 698
660 108
83 107
22 142
842 906
10 94
324 56
203 690
167 726
124 112
857 862
410 123
355 203
188 250
907 978
891 320
676 550
428 449
347 450
282 879
45 292
973 370
38 866
750 896
282 875
698 138
426 108
952 472
1 830
722 908
808 612
918 173
852 345
312 198
485 594
767 221
886 429
281 615
986 721
510 267
285 208
95 712
6 46
183 7
567 905
915 64
206 522
237 748
867 549
636 41
834 402
953 409
521 924
23 506
645 534
773 930
742 558
641 438
295 514
445 862
108 49
926 4
571 853
752 127
91 387
859 925
479 812
334 0
735 357
506 379
581 970
1000 12
217 640
450 512
845 895
373 953
944 989
958 514
841 399
641 933
787 190
857 956
1 881
646 426
929 152
806 509
812 495
522 28
134 662
541 669
557 604
622 190
283 269
395 123
668 726
746 144
916 293
100 607
173 746
33 792
588 529
301 89
23 513
809 848
174 39
643 138
302 926
97 387
740 765
112 485
910 719
468 700
325 332
135 358
123 414
887 114
503 910
627 311
758 492
350 274
603 684
102 595
299 199
982 729
654 94
905 253
813 372
953 137
704 779
186 518
192 72
632 385
673 950
387 120
441 737
84 734
110 877
329 100
75 310
519 419
94 423
673 597
486 315
425 880
93 611
397 976
373 29
361 736
979 748
856 109
174 940
533 976
816 862
766 581
863 284
0 957
398 363
554 884
678 979
453 462
279 851
437 652
570 488
388 238
926 934
37 100
564 570
766 379
122 531
651 985
815 341
631 212
704 875
786 381
543 239
533 512
780 971
164 39
148 242
968 74
866 4
174 429
264 940
499 76
160 149
751 975
490 72
878 193
947 353
264 180
592 798
692 61
458 546
791 606
478 758
680 344
452 544
773 717
173 271
483 333
110 234
999 600
306 876
483 943
919 748
122 201
235 815
262 693
360 53
298 839
811 669
182 954
212 645
360 386
607 843
409 717
767 407
7 72
973 490
15 892
928 828
92 162
642 44
855 693
97 844
531 599
512 403
552 414
738 912
490 344
754 900
61 521
306 759
283 970
248 989
861 176
817 643
28 148
687 574
841 785
417 61
73 619
154 625
32 893
226 523
236 670
112 988
881 108
746 164
77 685
843 938
551 349
580 579
498 958
152 28
742 259
90 815
878 244
129 601
827 355
123 63
715 926
741 596
33 177
450 111
862 292
739 412
642 9
681 830
967 834
858 398
783 948
903 661
883 31
261 709
76 74
462 481
1000 203
76 32
70 526
834 932
509 263
33 150
272 714
670 929
237 527
326 20
165 919
371 47
640 632
446 716
396 599
887 395
802 964
117 562
179 642
493 688
905 216
528 867
930 888
795 858
415 811
568 580
729 939
317 368
260 763
774 656
361 660
741 853
313 858
414 493
189 597
871 93
813 89
650 433
977 444
290 81
945 858
661 673
486 978
40 746
431 504
401 792
164 141
335 477
689 749
660 879
36 221
662 849
0 2
972 977
446 261
58 81
809 409
754 294
387 485
39 818
989 130
299 843
271 634
10 651
73 360
219 800
581 571
648 581
573 620
248 19
571 997
100 70
95 544
364 482
28 94
990 708
224 980
240 496
303 250
146 376
611 55
175 882
626 514
153 199
824 91
909 84
778 699
154 873
242 519
45 962
303 34
359 527
704 599
22 7
540 859
73 841
914 940
143 565
429 967
656 337
741 123
35 896
997 277
104 41
929 407
766 287
934 470
577 647
477 116
195 550
957 800
179 368
339 322
624 458
288 970
795 720
93 830
615 89
797 719
130 416
816 896
703 749
55 970
85 532
85 281
773 732
80 952
791 109
274 414
567 252
383 51
972 166
881 276
255 367
685 75
783 500
662 176
940 717
145 715
940 231
996 712
653 766
353 443
547 131
570 931
182 231
787 753
198 42
120 883
808 903
73 469
78 12
186 224
727 816
527 798
178 570
241 744
888 478
875 147
408 748
68 195
500 266
928 620
149 735
213 222
895 982
925 771
205 341
586 40
444 803
839 623
372 770
56 259
247 621
368 165
231 869
431 849
178 270
273 391
492 167
63 106
938 268
138 523
1000 582
15 528
895 388
988 951
337 925
572 434
270 940
289 191
498 720
39 367
681 313
448 172
170 511
970 108
470 107
321 469
689 337
997 584
415 984
224 752
908 796
876 869
426 164
59 614
575 790
981 255
793 429
117 963
630 777
761 99
884 82
568 263
109 254
847 524
237 70
275 836
557 842
394 673
696 143
286 270
933 267
215 415
386 23
68 15
800 829
806 374
601 373
637 710
628 173
233 555
934 199
80 490
731 474
162 426
618 139
387 240
96 602
656 172
315 724
187 115
242 993
489 844
56 816
553 374
989 477
619 922
676 700
102 406
864 955
522 171
784 909
412 880
201 758
51 516
171 930
321 413
612 810
256 668
315 810
732 303
286 351
916 652
741 708
748 294
352 960
466 136
869 878
15 69
635 758
275 806
687 597
909 298
96 165
967 412
665 388
715 951
739 320
292 169
718 730
464 70
689 930
206 247
497 912
316 822
669 592
317 355
188 225
344 284
390 0
386 54
388 101
695 818
111 677
987 830
406 140
590 786
69 796
32 566
397 39
387 757
321 704
111 199
930 455
483 9
145 560
64 534
661 449
351 462
126 27
982 222
168 571
7 928
56 731
494 454
770 571
210 90
966 11
289 585
157 462
284 302
21 348
526 372
488 877
525 614
905 506
836 763
77 534
690 133
264 874
277 724
445 487
814 100
189 793
375 36
254 659
338 967
698 865
28 185
431 553
799 25
59 324
788 136
548 478
960 812
351 237
535 486
414 38
276 603
831 651
639 776
0 668
742 698
222 770
573 653
13 371
679 72
385 156
899 934
324 858
435 366
94 661
542 509
699 819
802 220
159 131
686 159
799 117
547 20
577 119
363 590
180 732
662 256
889 560
880 212
418 314
578 202
665 120
711 54
629 203
274 478
334 650
328 132
767 875
843 343
685 205
934 555
938 285
811 516
846 690
418 954
4 997
155 359
807 557
413 125
760 377
603 93
26 931
916 793
806 448
136 180
653 760
735 280
44 546
486 580
235 905
533 930
591 379
980 397
936 392
522 385
770 124
478 796
746 83
589 551
531 415
421 874
865 155
845 909
391 20
179 627
925 712
246 515
90 225
602 716
308 123
100 77
939 268
563 684
351 151
925 572
256 345
136 811
190 671
410 582
691 589
899 616
300 835
821 81
751 423
797 58
546 898
135 174
165 698
548 207
540 472
469 486
507 605
297 698
275 707
279 967
295 177
272 285
11 92
366 762
515 163
510 752
751 645
616 916
33 164
813 263
636 282
439 143
887 426
531 853
132 810
509 117
677 781
93 378
563 459
831 769
312 340
520 753
676 826
359 709
990 171
662 316
453 100
459 30
217 680
573 39
179 81
157 856
552 941
233 114
89 63
573 402
94 92
845 770
919 203
168 598
375 830
914 518
620 62
238 837
742 811
567 921
892 414
466 133
354 700
248 443
453 821
535 547
604 380
316 212
583 484
500 958
3 414
166 314
476 404
841 909
215 407
829 797
821 295
931 174
685 869
308 828
379 843
375 673
222 381
885 496
556 75
143 249
489 309
563 655
714 94
563 619
191 82
415 12
67 345
877 442
213 875
269 593
718 644
265 630
716 841
125 271
606 960
210 94
268 774
439 672
558 693
290 749
775 396
451 532
741 328
974 645
893 242
928 610
577 883
931 983
413 746
253 18
705 463
803 974
927 242
335 174
935 626
924 399
712 374
931 452
392 904
787 285
836 714
585 102
287 515
84 700
261 27
719 656
181 211
629 798
453 965
973 77
280 896
476 992
960 96
133 42
690 921
17 216
324 292
318 611
498 403
1 449
430 410
104 611
621 424
409 74
78 71
842 48
657 8
39 616
104 863
348 795
473 55
10 488
38 18
98 536
421 99
985 542
199 779
152 821
202 251
585 971
322 426
18 979
434 748
285 229
611 323
714 774
69 414
261 107
432 360
643 854
149 317
395 349
786 237
860 989
179 444
959 191
870 668
861 995
415 836
223 25
849 937
490 918
350 751
24 472
801 357
325 641
364 410
680 150
338 539
829 207
983 787
398 542
144 949
226 560
784 139
275 323
766 765
240 115
516 956
588 316
312 603
647 367
704 326
517 41
865 345
939 537
822 336
770 967
976 996
526 449
135 801
772 901
256 12
707 772
658 985
778 970
277 425
26 981
441 543
712 306
888 650
533 400
677 302
366 652
989 582
100 814
72 563
714 328
575 110
790 232
785 568
892 62
683 919
42 123
151 445
119 730
94 653
129 461
645 185
112 633
767 904
446 839
466 851
167 731
651 957
653 436
214 234
188 897
152 230
711 995
365 830
724 460
172 853
611 508
37 414
831 494
317 968
332 473
818 499
894 158
146 546
284 360
780 472
393 658
617 758
177 340
908 40
883 519
548 610
933 68
103 940
35 125
412 543
315 305
702 461
541 986
511 320
458 458
943 851
806 249
298 674
279 206
714 852
725 952
461 347
19 254
286 55
70 388
288 385
383 990
536 924
666 46
243 814
195 877
354 0
125 652
674 95
858 77
947 272
719 98
619 429
42 595
174 112
983 462
187 365
452 723
288 808
770 222
621 655
98 975
655 914
626 19
8 174
787 956
136 506
53 756
625 786
40 799
899 23
260 85
388 402
809 367
900 268
589 520
923 377
184 267
981 501
977 990
675 764
635 501
960 378
947 584
163 988
382 752
10 332
838 88
425 336
455 324
294 734
845 907
110 719
173 782
219 150
771 584
914 95
85 563
473 31
146 326
18 218
78 28
240 606
808 665
942 262
990 926
687 524
832 487
242 4
268 152
845 38
736 448
824 821
10 296
543 156
313 561
64 391
280 305
997 87
970 628
39 649
553 726
863 384
213 796
78 481
948 924
210 683
371 33
194 382
20 737
228 333
297 984
414 267
288 410
354 948
37 394
287 280
119 149
664 22
945 742
504 892
355 714
575 727
437 459
799 457
195 26
790 182
9 203
450 988
303 494
936 30
578 222
310 388
61 664
410 6
96 914
898 451
317 162
868 755
621 666
211 506
693 692
689 392
585 829
380 889
322 5
609 901
918 610
288 979
273 388
985 59
302 573
511 309
425 378
63 46
44 275
242 427
657 931
509 241
449 889
820 772
584 429
362 501
38 340
480 1
728 464
61 720
727 262
29 152
330 92
889 64
57 130
491 714
752 691
646 200
579 465
972 163
584 23
354 622
363 834
314 782
989 375
501 715
327 530
557 657
623 445
722 370
576 903
84 17
593 420
217 863
885 880
716 469
903 69
781 957
594 785
738 582
159 238
987 176
459 234
834 772
679 245
141 945
147 916
962 431
335 870
293 911
749 699
379 341
768 850
988 51
635 725
323 484
654 310
661 112
234 184
574 913
429 715
548 266
321 199
387 656
68 370
566 507
68 635
539 527
175 526
578 810
942 902
984 595
902 334
397 135
518 971
738 637
375 285
594 696
485 981
42 243
351 298
751 109
624 289
636 799
505 905
298 446
806 281
40 397
616 127
532 824
788 269
461 163
245 745
549 730
725 281
663 766
580 103
566 203
392 892
692 898
796 990
33 291
270 74
688 576
892 910
400 680
179 551
533 114
295 772
534 710
53 196
166 323
300 732
216 382
623 908
970 109
897 3
400 857
768 779
433 659
688 523
28 557
764 251
671 749
23 204
148 767
401 314
780 391
736 996
773 49
903 743
849 489
436 248
345 203
26 468
552 405
681 581
962 444
832 633
192 545
837 341
1 928
345 781
318 772
776 91
821 368
524 669
857 960
607 893
853 324
50 404
729 732
675 380
866 197
12 58
742 540
89 744
157 124
214 476
896 991
257 406
48 471
765 596
120 62
178 973
76 228
376 805
960 742
875 826
939 888
574 680
117 353
113 274
167 328
440 754
8 387
850 56
858 615
342 978
367 520
950 443
749 16
938 398
758 812
914 696
389 487
65 506
530 870
471 388
197 601
141 205
989 991
952 846
295 294
514 662
814 463
795 252
169 732
651 617
234 564
2 623
820 962
628 981
349 825
581 490
720 569
481 361
105 466
655 619
128 159
772 613
411 632
345 752
248 579
316 251
892 748
9 711
709 637
381 58
151 963
238 561
221 409
922 326
876 267
945 694
426 407
306 527
38 341
279 977
610 595
918 502
32 927
903 741
253 284
937 728
655 157
827 577
484 702
844 118
85 960
215 392
486 253
733 765
230 343
49 838
535 81
765 437
513 708
411 1
803 347
419 147
505 246
724 679
638 257
487 724
216 703
115 703
646 538
157 566
571 207
404 796
979 859
233 491
566 334
183 58
682 602
206 877
848 620
555 176
568 732
900 784
434 705
176 771
933 24
336 194
922 740
990 900
288 222
81 545
247 264
603 929
866 499
495 404
810 740
580 377
471 169
851 596
874 718
366 496
742 392
690 663
823 680
252 110
592 333
655 839
597 258
457 463
447 952
557 256
691 827
323 853
996 865
448 559
582 504
745 13
896 435
676 718
805 618
829 396
952 483
926 238
431 72
391 569
24 948
515 405
774 839
257 459
393 395
708 975
899 453
988 795
888 353
202 692
971 30
778 612
204 393
851 325
466 241
584 180
189 99
275 653
628 223
803 20
618 510
995 207
963 672
692 540
24 894
231 685
615 700
297 509
783 147
524 939
388 108
809 577
898 84
921 215
998 723
235 615
232 920
512 195
591 894
735 305
478 657
990 783
46 286
982 519
433 505
458 822
303 266
88 200
40 699
415 37
421 340
343 344
259 855
229 540
439 654
535 917
0 215
699 46
501 680
256 625
875 714
136 178
670 915
68 711
614 174
438 34
514 781
68 464
326 297
694 765
952 229
681 952
444 69
689 635
439 945
259 313
348 85
491 17
0 250
418 614
424 857
338 938
637 97
401 963
394 95
417 345
14 97
297 148
857 676
473 295
620 733
609 968
508 790
985 508
39 93
812 463
950 841
401 586
938 492
239 331
277 656
367 982
444 354
129 991
29 603
286 649
25 585
306 223
374 981
422 104
73 233
567 713
764 658
990 391
841 228
413 117
574 780
790 708
824 609
699 853
211 675
191 927
259 187
150 633
167 572
737 932
495 995
644 950
342 633
340 182
551 443
991 125
222 780
523 736
388 221
588 290
586 469
907 845
346 747
168 514
318 595
445 504
589 779
143 932
412 483
804 963
927 794
778 839
573 301
575 652
212 853
632 799
12 538
333 358
285 501
562 293
787 697
797 375
476 630
997 888
113 491
540 730
284 318
258 548
619 523
199 521
66 831
319 769
58 343
817 343
844 379
637 630
75 123
696 241
754 382
819 557
873 359
977 848
367 925
395 676
138 284
196 204
805 206
663 863
549 479
897 82
548 533
403 624
346 98
555 790
170 374
36 43
423 12
891 790
628 976
465 766
259 351
660 754
557 322
616 796
801 512
879 39
735 281
663 772
69 908
561 239
972 598
973 394
300 553
183 928
528 338
383 477
690 42
230 937
364 537
423 856
739 301
895 164
272 247
936 341
845 496
270 817
784 243
210 84
486 84
702 705
112 85
872 492
818 102
429 873
329 542
728 67
843 312
231 114
249 857
145 93
353 415
600 827
348 811
601 835
585 303
229 697
78 100
189 896
893 308
768 912
850 185
980 382
187 901
186 436
448 331
220 491
436 820
317 785
320 919
309 595
912 228
292 990
328 171
885 221
169 343
132 709
528 802
781 716
393 967
842 841
988 752
331 423
262 338
898 272
256 206
868 167
434 850
847 453
711 732
364 880
765 186
278 292
679 749
698 762
715 230
602 702
982 623
815 243
651 713
516 908
609 383
765 734
923 612
186 633
33 240
202 798
426 480
780 104
228 168
866 633
398 157
24 379
470 839
313 121
241 519
719 541
902 173
274 514
785 150
146 508
80 348
996 506
518 466
301 746
634 857
68 722
705 92
100 865
621 103
676 553
622 394
93 213
258 57
727 733
898 873
241 978
220 927
173 738
392 474
173 716
21 241
437 416
23 228
280 335
21 957
888 644
40 671
857 298
728 584
31 625
146 963
292 57
889 465
795 972
630 659
687 651
590 815
757 614
733 36
949 754
683 526
397 724
196 945
712 924
218 743
238 54
395 530
111 284
685 597
946 314
255 322
655 845
136 411
148 559
448 787
313 821
2 400
544 198
34 947
812 252
379 740
307 775
960 418
749 645
705 694
959 960
15 304
495 843
715 333
401 853
811 404
674 813
805 908
11 529
854 513
782 233
253 779
698 212
887 446
857 592
830 506
551 845
810 736
377 524
69 469
67 570
873 741
382 367
648 393
587 192
597 368
425 850
837 122
752 723
258 299
314 87
805 556
622 304
982 690
518 741
158 585
310 721
325 693
779 664
776 365
856 372
423 971
912 259
92 664
982 40
963 987
127 767
232 439
761 213
128 278
955 286
698 879
647 166
542 113
531 87
485 644
57 397
903 840
751 574
880 713
250 697
169 482
136 930
386 264
207 30
241 761
985 629
640 322
795 872
435 15
960 610
659 16
6 561
547 447
825 426
159 75
814 18
247 950
948 633
904 846
353 835
296 338
463 936
350 257
498 785
272 147
394 931
854 91
181 400
538 697
517 388
462 330
406 709
970 44
32 873
580 385
708 876
413 170
502 763
118 1000
237 390
146 632
11 1000
413 883
90 951
579 607
338 40
937 435
440 906
479 472
468 58
547 175
624 651
36 125
103 154
234 961
663 936
651 75
819 741
25 397
37 54
128 974
179 568
569 348
39 727
96 276
593 720
927 629
846 30
473 660
371 397
311 33
333 652
799 151
82 514
238 119
258 366
783 437
934 41
785 663
768 881
940 360
291 866
679 136
586 151
486 647
549 487
370 572
138 168
723 220
683 961
29 941
327 812
378 951
853 853
614 311
424 553
671 715
108 40
541 385
191 26
31 430
204 92
1 32
260 414
944 943
65 973
574 82
475 642
32 17
494 646
328 918
889 690
322 688
730 863
763 611
580 484
732 784
576 423
816 837
838 759
469 903
422 42
985 897
684 707
914 869
43 933
476 622
622 799
1000 351
661 762
962 931
246 693
714 512
116 220
38 644
669 508
236 781
240 911
677 615
617 281
483 660
213 959
282 835
447 972
876 108
734 837
729 670
220 133
181 26
353 220
360 712
418 596
493 658
506 860
272 813
140 445
473 353
404 445
878 851
416 753
649 840
590 68
509 500
201 381
216 244
291 576
956 709
862 138
56 367
999 19
870 829
464 32
182 558
477 59
99 584
813 438
423 92
506 623
282 707
694 498
641 985
764 287
383 625
425 439
682 113
148 551
943 613
584 815
861 751
564 650
24 66
88 448
158 284
761 130
682 454
318 322
128 81
609 511
396 725
640 77
528 789
319 470
91 593
975 642
33 539
292 58
605 70
196 454
44 957
584 726
100 593
739 228
674 37
429 70
452 68
838 981
857 847
140 638
439 115
280 473
344 262
531 639
332 417
92 66
373 367
793 163
960 221
391 323
949 820
83 401
578 922
71 125
458 211
763 588
16 733
60 360
685 281
1000 16
698 782
774 761
148 256
924 798
477 4
121 115
514 895
516 782
816 587
907 965
489 360
552 505
783 302
866 468
273 555
174 661
336 948
421 175
203 34
729 784
486 242
679 1
23 184
279 621
148 458
981 700
963 763
1 518
921 274
763 95
935 99
42 45
274 246
770 937
616 498
411 792
740 89
794 454
964 763
911 745
502 563
197 194
81 118
158 534
213 784
633 946
519 597
191 289
534 498
787 635
289 217
724 773
671 377
225 435
489 826
870 682
389 66
566 160
184 724
694 87
507 17
33 26
614 915
315 838
102 792
472 82
8 886
545 369
263 461
494 442
286 363
123 675
430 689
835 304
103 529
82 610
546 115
326 850
720 331
688 513
814 850
595 512
736 830
882 999
290 65
440 577
429 254
251 549
633 777
853 736
996 625
36 231
430 52
80 150
74 458
353 888
308 948
399 43
777 971
732 758
36 862
334 465
115 275
704 439
742 556
865 737
872 591
968 301
644 739
451 408
196 804
295 504
441 384
237 909
355 969
666 391
831 690
546 636
655 249
74 397
495 940
824 366
530 482
668 864
220 809
271 416
303 256
921 434
641 157
342 996
817 698
76 647
77 312
282 423
251 357
510 436
987 333
493 206
815 160
761 34
659 31
141 962
288 752
86 619
599 428
304 415
817 70
61 894
382 344
6 323
391 516
759 67
850 251
273 354
101 33
79 451
756 220
102 734
972 188
352 570
617 656
986 123
726 737
707 798
771 714
120 161
229 569
919 769
821 883
123 612
606 202
62 361
112 165
785 83
353 136
343 660
482 18
783 898
756 490
695 526
203 505
378 122
765 296
892 585
178 14
887 785
907 950
836 18
805 621
101 157
447 134
818 930
153 290
827 909
780 212
434 673
407 812
796 171
108 687
446 977
391 23
761 297
973 287
315 777
908 106
624 354
240 131
283 393
422 801
992 892
703 426
565 800
928 50
662 726
427 798
703 818
821 153
805 793
440 810
259 37
606 884
392 846
14 365
930 436
856 921
18 248
36 583
48 965
323 400
380 750
197 82
257 18
927 752
811 56
561 761
94 166
334 176
702 348
231 321
475 87
242 493
25 969
766 764
623 779
163 3
218 361
776 475
69 702
917 570
449 167
330 543
23 664
409 725
703 640
46 868
417 979
50 443
947 816
897 570
284 60
263 502
111 38
667 180
431 583
750 880
750 771
112 773
434 521
187 827
851 924
694 959
592 744
91 539
249 988
799 533
738 752
34 849
790 701
719 220
974 159
790 413
930 902
876 53
112 63
881 654
677 574
612 269
8 703
498 257
380 987
791 118
738 515
657 527
216 66
438 880
225 227
293 845
820 168
898 932
922 778
275 289
42 887
558 50
279 55
307 350
41 788
158 779
303 815
996 209
571 433
88 486
661 71
330 480
931 228
101 852
696 377
140 428
954 388
478 233
443 476
583 174
263 741
643 256
245 639
155 507
71 935
993 422
5 323
902 936
241 694
478 627
70 308
55 23
697 223
947 830
699 219
695 653
650 337
599 896
976 755
92 47
689 84
469 384
97 61
10 28
755 178
656 515
486 401
228 873
624 866
393 13
84 87
356 735
424 955
320 400
399 412
137 778
186 296
853 284
47 863
312 492
40 658
6 216
58 926
780 373
791 172
386 565
950 432
299 373
76 309
463 166
411 290
944 598
277 486
882 324
38 884
817 78
542 513
986 600
438 765
663 228
627 739
794 576
170 783
639 247
783 793
103 193
773 737
791 49
223 672
374 261
556 190
30 788
703 15
387 832
470 741
750 787
479 233
52 650
16 381
587 489
864 690
682 637
426 473
376 339
835 750
601 80
630 631
868 23
336 946
545 496
686 294
973 855
528 24
504 234
95 781
723 960
160 404
286 277
567 662
616 92
412 216
863 732
537 731
445 563
366 990
749 742
284 721
596 812
435 791
736 221
261 458
180 422
552 466
699 810
127 314
902 229
221 764
652 448
184 96
702 240
777 450
672 60
862 959
562 987
749 297
207 9
445 77
121 687
543 820
496 361
825 397
280 736
852 932
874 726
28 575
967 495
716 328
555 267
286 807
944 725
794 151
735 238
919 546
615 152
366 111
513 881
198 793
306 740
725 179
466 443
755 122
938 160
450 182
427 737
989 60
461 782
902 886
710 821
432 324
973 488
125 485
58 324
968 364
63 382
543 529
515 988
341 452
838 792
324 955
218 2
15 369
946 183
427 377
198 399
555 323
574 303
337 542
667 401
614 900
620 129
578 652
271 415
443 596
370 351
598 385
720 72
992 665
946 419
732 834
818 977
848 82
279 184
314 636
275 928
226 586
56 804
237 328
909 370
614 278
411 902
353 821
664 345
486 300
454 908
133 271
575 671
43 544
546 357
871 511
976 96
96 31
590 23
49 498
83 353
777 184
255 820
5 919
164 181
218 618
779 42
580 353
403 313
588 949
671 458
460 646
244 246
367 834
961 417
21 734
460 798
919 715
308 924
324 472
104 542
781 883
274 50
927 678
363 514
626 724
662 776
59 906
22 427
429 673
534 450
406 994
939 324
709 246
247 32
408 41
264 188
615 229
929 231
907 292
745 222
706 406
689 766
1 711
192 430
383 416
880 789
409 818
804 808
63 741
530 472
473 485
350 87
714 279
318 310
261 753
222 657
849 911
422 540
311 304
970 384
720 539
864 820
47 667
317 110
407 538
272 880
22 313
657 426
282 665
426 233
107 338
890 956
249 312
495 560
616 154
635 26
846 431
164 853
231 261
390 504
832 102
507 178
218 789
844 644
712 951
983 601
597 922
913 782
171 219
627 806
245 10
303 781
441 157
323 672
109 714
866 941
506 372
118 725
851 652
58 562
293 731
163 890
652 766
361 514
675 988
319 920
998 313
390 128
801 269
117 666
900 313
729 709
37 269
360 787
832 653
517 685
232 860
450 594
373 816
271 382
735 960
385 816
87 546
219 888
505 26
244 405
29 973
113 758
241 473
544 763
817 751
447 739
610 588
22 673
403 294
746 828
253 130
333 30
366 242
919 872
959 853
276 989
825 79
746 756
552 289
519 58
730 656
798 340
934 820
703 26
804 448
545 56
269 878
778 635
811 386
196 769
238 472
447 753
551 192
508 794
171 717
542 902
63 339
932 687
159 324
714 963
773 258
710 732
826 177
56 636
563 253
95 801
725 542
553 967
425 751
450 596
468 992
497 221
331 118
908 180
443 621
833 906
569 232
637 395
409 693
721 972
946 506
772 361
48 14
17 473
766 467
759 233
458 947
144 479
64 51
349 507
363 182
102 932
104 739
16 514
122 428
175 758
934 638
118 672
652 826
835 417
292 594
340 441
540 484
920 294
226 269
492 589
141 594
210 245
23 918
449 145
345 625
593 969
953 402
641 604
227 165
21 520
759 51
651 989
536 570
283 452
529 465
40 360
58 941
606 772
858 745
59 200
862 11
602 192
616 829
357 327
38 807
378 689
795 604
950 768
55 168
232 786
529 982
727 825
753 584
569 360
477 319
560 28
330 161
220 636
680 577
963 719
73 31
97 869
635 737
326 691
906 559
166 434
540 893
258 983
477 517
342 644
526 902
672 547
753 582
182 433
849 836
842 923
557 629
481 191
366 807
572 271
55 739
395 595
321 343
578 488
550 610
131 76
512 493
623 955
765 495
77 614
330 609
536 577
238 16
769 294
513 30
255 569
459 650
854 781
268 232
732 90
308 934
273 621
888 38
116 966
652 136
264 878
714 192
584 172
486 96
893 741
665 42
80 519
823 763
640 781
996 371
561 994
304 525
615 883
563 731
538 905
557 802
472 270
995 55
132 480
842 25
912 507
758 992
716 580
445 355
50 440
417 302
433 411
827 47
293 79
468 831
674 25
323 145
986 317
891 809
487 732
524 88
929 281
771 644
551 215
1000 291
655 106
593 778
517 109
516 811
188 984
331 862
699 654
697 375
183 839
9 707
927 938
678 697
272 228
912 271
519 256
67 803
34 584
912 550
84 791
223 106
342 613
760 730
988 111
6 861
950 15
257 876
644 935
263 916
162 865
877 371
121 944
864 846
217 776
85 302
256 308
408 598
611 858
327 598
969 334
458 608
39 405
174 683
339 437
598 191
301 474
253 112
107 116
958 325
582 733
317 838
732 725
126 342
272 143
631 932
477 779
539 207
184 713
890 523
840 178
715 141
342 658
944 450
774 592
465 356
324 782
884 55
196 9
398 468
844 719
399 10
497 629
217 681
31 798
204 872
976 609
703 7
266 646
457 730
237 612
776 562
393 660
307 589
359 395
748 202
113 837
213 611
155 430
291 187
227 185
58 893
484 761
901 440
406 47
170 644
350 946
896 743
295 202
22 655
598 460
547 401
296 760
11 452
881 994
329 798
869 387
381 353
838 972
483 243
709 653
577 58
289 162
802 274
55 514
619 653
974 166
744 960
616 756
101 186
439 430
675 307
507 55
660 344
26 143
278 735
486 545
794 465
708 285
740 763
489 48
105 462
905 849
111 521
294 213
397 733
333 71
40 841
126 700
875 152
533 152
578 710
698 61
865 95
36 294
858 525
343 653
677 247
501 788
458 796
691 856
528 715
927 568
245 53
959 810
896 181
963 163
581 350
224 446
135 951
740 683
475 773
335 842
20 526
320 168
321 701
23 540
415 951
798 350
694 446
160 279
318 813
443 899
853 357
344 988
308 775
670 783
547 4
625 257
220 945
426 542
645 139
772 751
780 259
100 473
706 951
753 23
763 195
922 615
552 957
602 550
421 962
333 658
656 648
916 877
282 31
108 617
861 880
57 641
138 158
804 534
799 556
557 562
441 169
867 684
125 159
233 236
120 256
894 777
594 499
343 876
530 451
183 81
20 240
722 158
88 525
383 888
772 940
139 212
799 5
586 614
164 510
850 976
766 744
442 50
242 785
926 463
235 799
544 255
39 956
103 127
170 486
705 942
116 844
845 915
850 430
529 704
940 68
679 396
812 120
446 745
905 61
207 830
861 441
84 590
396 879
717 566
54 112
198 170
956 42
776 805
162 995
509 793
62 878
879 565
999 324
309 903
75 516
423 626
647 197
215 42
75 623
298 821
735 496
681 690
228 456
185 391
140 694
183 203
571 61
768 259
75 76
853 841
282 275
467 929
472 682
661 238
304 649
58 38
145 739
729 373
886 914
454 25
297 327
228 558
78 686
818 153
452 360
995 734
635 151
352 106
833 703
34 137
352 92
866 187
522 284
560 407
888 705
432 875
31 351
433 110
36 941
954 489
300 638
913 935
789 956
731 622
658 456
449 9
548 4
196 760
289 447
166 176
842 599
742 873
640 174
673 676
805 627
855 104
955 768
729 744
413 149
55 70
771 534
508 967
293 487
103 460
354 945
749 95
508 388
960 180
754 764
497 609
558 452
66 286
195 479
125 250
239 421
444 9
955 952
667 247
129 770
397 483
405 836
578 913
223 537
783 668
300 280
276 548
732 32
524 617
201 649
867 440
760 0
450 404
952 807
342 771
576 739
253 671
265 521
583 488
57 366
846 47
336 812
285 67
844 809
684 735
458 240
175 908
240 315
312 882
121 654
653 387
82 596
58 347
117 331
526 865
387 371
603 723
874 888
480 407
697 163
142 845
93 7
752 333
322 754
906 133
407 558
210 180
844 959
290 743
516 677
805 809
90 678
696 570
84 82
424 917
927 517
924 369
541 936
122 446
68 220
694 970
400 537
928 617
188 217
50 394
585 855
202 365
222 588
935 997
671 358
914 287
566 527
656 106
463 469
242 221
689 936
190 779
162 118
395 350
25 135
434 300
680 636
665 902
915 600
589 585
648 192
562 213
719 909
9 181
377 251
93 756
877 283
534 39
91 619
79 117
445 514
107 124
840 773
26 754
62 305
28 400
497 591
304 215
499 313
87 566
255 180
11 131
463 235
170 245
544 250
362 989
454 159
113 293
932 830
47 994
134 75
84 631
356 388
536 545
701 623
110 956
803 812
778 957
46 948
201 591
888 253
579 341
412 692
635 344
521 372
27 655
137 111
976 494
499 512
38 891
134 840
536 628
651 313
584 698
952 785
288 839
728 867
871 139
249 505
173 770
567 892
115 704
693 781
197 883
292 236
773 117
75 999
745 416
2 18
113 954
493 401
482 220
959 352
49 207
547 914
667 113
805 472
818 497
253 705
379 235
631 842
42 396
841 787
813 843
495 926
486 988
17 968
898 666
10 948
563 557
861 229
671 355
392 178
852 335
573 922
570 204
763 613
290 293
89 102
826 585
719 311
262 426
970 160
91 980
798 654
536 658
573 897
703 965
765 554
299 338
165 560
232 929
863 522
912 952
625 738
226 33
739 179
459 708
29 550
377 827
894 604
174 466
500 877
431 956
430 730
293 286
289 525
905 842
46 816
794 361
243 710
84 983
579 543
380 608
783 448
434 676
51 608
142 241
484 263
196 605
993 489
891 973
704 485
814 441
300 297
492 234
698 577
907 276
810 977
885 283
424 8
649 165
617 791
407 791
53 603
395 737
783 976
399 176
460 903
307 451
891 800
685 588
66 591
554 566
567 128
849 682
137 498
847 754
979 944
544 723
237 630
149 19
295 238
886 446
140 193
587 721
683 271
999 749
552 553
4 809
681 854
490 818
41 27
261 19
971 496
432 207
816 581
917 801
819 803
246 650
686 833
370 368
794 369
807 35
612 811
845 983
354 24
801 85
51 752
105 22
938 227
920 753
499 837
554 317
329 490
657 14
323 718
72 807
777 569
843 388
69 377
370 424
401 861
509 453
303 304
165 240
222 84
994 721
921 237
728 249
727 385
954 740
793 716
547 569
284 79
957 44
456 16
158 857
568 357
1000 871
662 164
110 574
249 794
294 860
30 21
800 448
96 443
187 889
159 424
457 133
503 103
177 649
811 335
506 378
693 195
939 44
360 48
618 299
533 912
849 253
933 648
701 720
91 579
608 941
2 65
73 196
859 251
845 669
276 40
737 969
236 675
703 286
414 320
275 947
