1000 1000
3200
568 153
646 864
607 774
797 957
729 406
684 229
396 709
726 706
970 753
654 580
808 877
91 983
288 743
23 795
621 286
854 189
129 189
52 426
963 539
382 691
635 756
610 30
464 335
427 124
778 80
704 586
647 485
568 935
227 281
419 539
257 272
418 386
461 160
812 114
699 194
805 23
950 105
53 104
130 170
228 909
250 622
494 588
106 752
522 24
32 942
563 981
904 981
366 55
831 869
169 529
753 664
242 392
769 295
496 900
156 414
808 96
35 992
684 833
743 206
857 465
838 109
445 741
780 502
486 610
370 655
829 122
319 70
514 778
55 701
677 211
114 174
999 841
165 682
673 598
578 219
63 105
18 198
537 798
700 22
97 760
678 926
572 687
686 86
464 741
477 141
643 281
315 641
812 171
12 174
769 591
393 522
386 411
721 923
899 110
946 996
871 313
611 442
1000 296
218 463
37 385
294 370
667 300
10 168
471 22
343 239
303 426
762 690
838 482
302 426
282 247
422 843
250 723
976 249
19 193
403 747
269 387
116 626
687 817
794 157
839 136
397 833
563 158
212 90
330 514
516 302
452 628
145 702
41 120
642 60
3 735
807 272
121 613
898 809
429 382
966 267
518 52
790 771
901 1
551 921
206 758
223 658
385 368
49 426
488 381
176 181
115 673
454 237
285 41
736 714
423 701
672 632
444 151
92 344
153 644
265 49
401 488
707 476
546 446
593 724
828 769
905 633
442 48
870 417
90 295
822 203
997 493
525 130
644 618
474 487
261 429
536 662
917 933
137 152
69 730
876 897
189 781
529 321
519 89
738 609
384 559
503 70
742 27
200 76
335 365
563 596
794 790
948 401
412 776
553 481
195 429
377 384
900 597
705 418
376 133
718 450
382 220
521 124
938 411
200 273
776 453
559 260
933 507
661 345
282 213
826 477
332 894
552 231
180 947
340 556
770 57
5 152
968 216
967 595
628 857
868 93
1000 117
353 933
314 704
277 596
608 793
763 940
686 4
171 866
642 511
111 411
258 117
563 225
23 219
820 341
75 378
435 75
185 478
7 499
873 975
785 480
767 237
419 143
242 280
699 884
481 811
985 739
618 548
654 641
457 164
983 533
232 107
608 417
275 305
606 147
970 390
627 736
317 737
569 559
16 268
132 188
78 117
927 696
355 271
26 812
125 8
34 357
806 332
464 81
327 760
228 296
149 546
723 466
282 291
716 989
249 538
176 327
345 794
713 390
64 740
893 880
438 927
927 244
950 390
15 276
840 243
573 989
479 295
144 451
276 550
440 526
88 616
543 123
99 256
514 854
686 406
733 814
22 659
748 972
739 763
248 578
697 821
256 175
806 91
627 772
641 757
297 419
62 531
543 162
787 747
15 162
152 439
976 174
97 724
837 527
486 84
104 873
595 51
48 90
142 365
862 473
121 850
893 183
70 125
345 857
872 51
709 714
490 374
578 277
788 414
804 965
188 599
837 473
650 885
563 482
249 115
955 60
655 537
244 725
352 589
271 914
640 670
627 820
43 896
97 832
309 901
486 188
189 322
661 839
898 915
10 837
29 656
898 374
192 141
98 235
420 59
148 751
729 466
570 772
361 357
293 360
258 779
548 447
101 900
977 689
814 677
525 533
332 422
907 215
253 4
450 674
63 288
424 792
754 684
253 114
41 547
475 990
15 713
126 807
612 793
495 115
470 20
648 492
132 554
707 386
248 847
59 1
135 173
483 579
547 737
694 588
974 859
267 989
261 394
796 564
877 981
679 346
0 327
839 133
881 235
519 129
773 268
821 908
441 304
486 678
40 870
957 13
418 223
692 370
307 177
934 184
158 302
220 849
629 749
982 200
985 190
19 757
458 840
354 589
143 530
958 183
90 914
887 198
136 269
568 134
136 191
8 294
494 228
834 122
978 815
12 652
696 31
98 844
872 142
123 705
362 80
579 452
994 155
341 820
424 599
644 561
791 652
545 284
881 378
96 548
884 800
890 269
831 678
112 392
510 926
97 872
696 366
14 379
521 355
199 636
644 533
887 434
185 431
408 756
500 195
303 73
995 883
342 515
560 144
908 69
70 695
631 766
60 645
145 271
690 34
907 334
567 793
458 442
224 867
197 414
752 500
487 746
72 519
260 632
663 858
391 423
242 22
189 993
357 24
264 47
749 170
71 315
654 529
448 568
395 645
982 146
836 158
582 908
677 533
230 29
80 621
453 323
333 332
5 381
356 269
428 104
130 189
109 784
718 557
351 804
202 22
640 728
180 222
635 547
445 555
576 525
867 28
848 199
360 854
580 716
813 698
510 633
887 310
416 295
557 457
98 449
479 738
176 349
650 812
896 94
366 472
620 232
500 157
122 551
701 392
957 204
781 467
837 357
467 253
652 23
400 440
473 570
178 649
919 518
150 505
613 207
977 232
439 166
79 251
717 781
334 364
985 114
831 821
471 988
764 814
10 855
253 483
424 121
132 32
640 282
537 943
489 513
865 619
370 944
560 777
414 894
140 88
7 661
600 169
648 363
983 659
908 926
832 331
47 964
364 377
937 901
9 115
104 874
424 164
817 985
941 922
878 772
9 576
432 609
435 771
663 417
119 570
32 951
902 770
915 956
837 541
546 846
656 650
719 771
814 226
755 445
147 322
216 847
588 648
456 22
108 809
129 227
378 853
178 970
622 783
615 459
323 161
304 669
811 714
439 315
630 884
760 777
897 976
313 174
313 459
197 422
267 16
339 646
869 517
305 181
299 921
640 312
81 634
982 582
37 110
897 667
685 346
133 271
321 447
445 325
906 332
437 173
349 776
509 908
293 504
88 282
424 418
595 195
743 266
778 780
66 364
447 751
711 270
712 31
717 157
46 313
489 483
176 528
259 685
436 242
188 214
524 303
633 118
498 65
384 275
845 451
640 982
892 40
943 604
71 659
451 809
662 940
291 838
158 240
522 284
482 401
188 6
394 511
815 892
576 890
858 111
340 187
92 922
227 725
215 989
384 666
797 45
296 779
574 454
18 95
428 501
186 616
197 580
127 11
162 703
901 19
814 931
897 597
321 758
802 395
131 410
67 705
554 85
490 982
276 367
287 473
637 414
485 799
808 75
508 311
6 404
598 549
217 610
997 19
695 110
308 826
520 375
220 73
150 401
745 427
458 723
900 94
136 74
894 634
150 91
636 847
496 233
85 403
533 772
422 228
883 420
744 92
485 655
857 636
55 601
62 513
323 652
297 150
417 190
474 567
282 109
103 468
33 879
871 566
650 984
794 532
93 538
625 579
192 481
905 938
772 657
140 786
308 437
626 415
318 99
982 290
209 775
448 242
653 318
808 303
992 292
835 85
520 149
354 402
320 258
339 92
915 169
568 913
606 193
328 614
292 1000
904 191
775 41
123 117
360 622
420 41
914 946
817 123
785 170
525 105
428 554
888 32
723 455
636 18
338 654
323 320
343 917
512 808
959 635
926 8
947 35
49 550
981 867
673 456
36 197
561 155
751 138
878 163
593 203
873 931
857 195
250 891
802 452
698 760
778 623
768 724
349 818
274 19
374 947
475 410
835 35
255 275
864 824
129 456
26 692
76 574
577 17
464 378
159 161
138 937
475 906
351 514
413 315
533 787
952 8
888 476
734 833
752 598
656 571
744 683
262 511
256 839
528 410
216 377
261 354
4 736
951 355
249 363
360 473
841 311
481 418
478 905
250 229
502 907
800 937
589 61
447 535
900 665
635 806
41 896
160 45
322 801
90 261
854 140
734 694
142 905
111 620
810 362
539 1
959 338
938 237
89 384
772 679
739 96
484 781
992 334
516 3
134 297
265 989
127 689
682 269
594 484
889 93
536 427
94 494
455 32
731 234
106 192
913 846
288 397
316 970
421 522
974 556
509 929
544 637
617 916
906 901
89 485
994 625
602 88
118 748
811 849
982 607
731 895
142 18
982 458
989 402
671 652
648 179
580 882
816 196
488 412
97 577
587 781
893 188
869 701
936 369
550 608
977 971
502 118
990 173
267 668
265 938
319 914
807 899
485 313
785 973
415 572
240 1
353 132
880 912
833 506
281 72
113 948
43 305
756 723
478 22
390 433
650 399
346 457
297 522
460 772
494 875
344 734
876 387
556 445
989 389
951 269
151 754
907 194
58 663
917 226
375 997
660 25
395 696
172 382
217 632
154 712
196 188
135 71
265 692
206 253
771 157
213 922
911 119
807 970
472 413
886 848
410 545
563 495
241 735
878 148
56 722
550 252
600 686
13 865
67 219
117 838
66 20
449 978
831 255
637 302
669 212
840 769
758 402
263 689
827 140
837 573
552 387
515 151
763 218
15 830
438 824
357 194
534 806
171 364
61 498
357 420
711 196
188 158
289 451
537 806
282 373
69 524
450 584
676 903
803 381
732 931
895 779
124 429
585 987
793 336
174 840
756 575
727 944
423 15
84 960
511 56
23 580
581 473
855 256
376 347
327 798
277 222
577 91
651 161
77 133
187 943
974 943
517 390
576 941
405 350
900 606
407 613
877 678
86 421
624 152
768 951
950 735
863 216
826 513
67 594
337 254
536 0
196 743
390 462
373 485
813 964
781 910
576 657
587 662
77 210
504 845
851 454
269 714
360 95
917 428
689 253
682 915
944 569
347 333
30 721
508 533
684 289
442 259
946 28
612 714
929 115
248 470
259 518
183 620
613 99
47 992
43 419
596 987
988 943
10 18
663 518
551 36
807 994
987 443
712 598
156 331
403 404
801 353
612 674
663 915
463 710
596 506
819 191
183 807
825 193
825 487
401 65
214 899
749 200
341 151
798 187
482 891
281 973
243 894
646 906
808 108
305 404
305 124
595 488
931 109
371 445
287 462
510 501
360 950
701 391
100 188
578 582
769 860
244 12
753 890
608 250
688 914
654 993
728 940
170 348
48 231
793 335
694 993
526 744
942 226
135 41
104 713
313 874
262 557
886 14
446 183
265 825
96 609
817 514
548 678
862 287
909 344
312 292
337 839
36 969
755 171
10 860
574 13
733 837
571 308
541 707
491 496
531 278
105 38
792 343
406 344
320 4
688 633
297 715
471 333
684 225
194 384
775 768
397 507
294 658
505 836
365 687
331 586
965 436
314 446
470 410
790 790
415 168
422 712
883 583
735 566
809 929
950 583
386 37
781 681
695 285
516 750
662 847
26 626
974 30
763 443
441 242
232 856
410 655
257 293
928 992
549 736
920 189
9 305
226 480
676 921
455 191
361 117
729 387
433 702
417 195
144 858
128 66
403 538
411 660
521 339
651 761
765 260
950 774
944 932
786 399
814 837
516 542
223 949
243 331
835 77
188 963
834 282
190 245
942 402
274 283
162 38
543 111
503 489
977 446
111 452
535 925
289 50
466 202
690 399
533 524
166 412
176 1000
694 366
935 325
458 899
608 620
628 842
421 130
330 87
266 441
540 802
365 519
852 521
411 231
920 945
445 776
46 621
466 430
678 90
755 135
990 363
756 617
204 867
437 534
955 703
666 184
194 30
393 737
242 804
968 161
438 413
628 174
33 93
604 401
874 359
537 553
722 983
169 616
849 296
149 493
1000 505
367 193
536 760
620 778
254 588
629 692
0 947
557 724
730 160
816 604
519 352
156 931
24 16
546 563
312 386
56 1
891 423
886 426
874 505
894 127
92 213
509 783
159 65
197 890
226 12
493 435
54 339
366 769
355 912
331 668
297 77
359 188
191 244
304 64
750 889
191 532
101 390
315 260
146 202
149 372
905 332
497 959
672 863
727 717
465 748
74 762
826 434
640 16
678 945
80 117
523 962
650 624
41 655
884 187
857 724
249 761
746 747
409 107
609 826
515 764
573 589
526 398
22 856
414 391
490 184
508 12
836 848
636 878
192 210
64 48
624 314
499 369
60 598
167 359
423 682
123 687
270 339
84 984
194 189
64 375
63 262
387 900
110 23
777 302
924 841
845 230
606 595
519 773
955 632
144 768
318 105
106 93
88 991
973 152
365 35
414 443
625 214
156 91
207 79
623 939
316 467
168 922
62 687
385 707
9 219
474 327
324 270
420 412
951 82
254 316
118 359
449 433
573 605
525 780
684 147
718 1000
614 577
611 366
954 686
72 963
906 236
981 229
506 90
332 457
173 586
463 982
635 912
414 208
206 939
678 890
85 86
579 390
353 189
756 997
876 829
650 471
64 630
700 261
720 722
408 893
999 561
874 633
162 979
531 368
917 209
257 693
986 526
82 28
715 528
24 280
46 674
751 111
994 141
62 714
863 470
296 861
721 861
184 883
839 715
250 445
614 197
137 599
723 910
317 127
438 32
98 174
706 849
285 700
680 37
103 233
197 399
784 918
259 968
800 788
683 740
233 296
937 60
586 349
661 903
477 98
625 575
963 331
113 248
721 484
976 824
717 173
913 190
90 172
158 581
650 841
320 883
827 948
944 412
987 604
5 153
392 630
728 354
651 532
292 61
706 268
885 112
131 488
302 221
350 460
802 1000
991 122
883 508
760 516
610 746
810 615
900 892
936 317
936 276
539 228
338 244
186 913
356 317
90 349
228 440
499 30
440 490
843 322
998 292
528 607
37 337
913 627
919 538
945 854
504 173
772 532
418 958
135 464
965 225
503 884
666 2
914 105
182 446
117 870
428 335
166 465
362 78
783 280
306 727
133 501
900 906
32 7
553 167
162 208
83 665
91 749
357 695
544 539
140 661
408 568
996 575
723 47
343 505
327 340
922 460
841 512
55 563
519 299
731 371
507 814
727 598
252 83
292 796
623 122
146 721
380 832
295 102
879 329
298 205
669 219
355 509
731 411
762 941
710 182
1 907
686 728
504 938
812 486
733 124
608 879
845 988
710 140
780 278
159 77
483 828
988 839
26 718
940 788
348 339
971 350
245 656
77 749
284 579
234 707
703 532
586 548
519 986
378 298
264 537
66 437
54 53
275 80
461 905
558 810
243 218
850 488
875 927
927 849
196 851
555 899
382 831
136 591
817 204
580 771
741 646
898 485
389 864
565 850
768 814
349 702
31 198
880 596
816 807
444 11
347 1000
600 420
830 737
701 336
941 280
797 372
616 695
857 4
558 112
545 325
926 894
717 957
783 597
553 598
93 997
609 130
996 208
550 516
635 251
852 576
221 649
638 838
343 494
532 591
606 76
606 531
661 323
178 443
920 731
40 12
417 339
142 103
237 383
619 873
324 160
138 545
809 776
382 842
269 605
432 566
681 38
787 341
51 965
474 971
385 514
673 493
543 505
596 781
578 905
653 902
64 481
447 564
256 519
95 215
123 218
471 805
947 258
836 998
222 310
968 298
514 330
791 57
525 386
838 103
981 180
4 735
661 451
989 607
971 84
512 93
302 984
588 939
241 114
936 153
424 593
451 628
923 932
685 447
7 522
550 988
392 245
413 743
696 401
349 356
485 862
140 477
535 418
415 776
532 40
619 646
633 761
274 245
692 959
693 700
171 933
377 563
868 790
306 254
191 345
610 366
897 440
534 431
859 639
897 390
680 516
36 2
276 310
248 658
959 631
47 129
253 425
383 121
905 379
375 786
724 675
152 621
115 376
742 664
14 639
744 384
845 780
387 811
780 635
468 429
956 516
558 208
631 941
329 225
319 394
11 734
760 854
44 875
229 786
228 934
114 972
318 959
442 705
769 912
29 928
340 985
133 899
883 454
529 903
679 539
296 380
272 55
233 6
620 152
792 848
777 907
510 94
555 952
489 14
553 208
942 894
883 74
482 765
218 10
667 897
239 964
277 201
709 200
207 19
43 1000
867 820
596 66
604 841
708 92
855 261
991 486
154 873
250 636
637 468
336 304
365 266
958 332
467 356
222 675
375 956
674 933
775 960
999 68
800 707
160 345
968 841
831 812
713 81
137 350
239 163
344 604
429 301
626 897
657 539
571 723
494 935
655 269
584 653
27 73
49 188
418 707
719 940
518 432
711 345
782 950
509 125
244 628
116 560
524 463
98 785
185 593
409 840
552 993
183 579
66 232
457 174
940 176
113 147
608 824
493 79
464 692
895 708
319 701
267 534
163 366
318 39
649 728
569 200
410 752
469 476
985 927
651 614
793 454
451 400
969 944
169 432
325 63
830 335
764 96
869 617
152 877
656 801
294 225
691 705
667 851
871 341
777 521
955 259
666 406
349 634
39 518
756 55
271 585
390 34
681 258
341 524
134 688
14 119
603 396
824 269
246 694
611 713
906 255
972 571
351 320
895 391
528 650
446 799
234 526
523 605
784 864
128 608
241 143
727 844
229 550
804 475
935 414
878 840
359 849
100 711
859 995
792 386
644 928
184 878
453 707
482 927
260 301
534 502
134 952
345 363
191 148
838 125
252 405
655 302
253 755
12 802
749 494
187 392
111 61
960 254
768 442
180 27
433 404
529 567
355 565
930 237
403 457
362 656
862 17
648 805
772 350
606 211
844 793
293 645
854 253
899 311
385 769
28 818
172 248
384 218
813 3
145 906
460 507
251 11
816 987
248 421
888 782
904 180
426 447
433 324
448 508
783 476
15 646
414 399
554 226
92 699
823 552
205 73
563 420
973 68
96 911
179 674
693 773
854 118
219 978
133 357
485 916
524 501
251 938
590 805
855 683
503 677
925 399
440 178
509 412
246 605
13 426
278 706
198 822
514 108
799 647
465 975
253 679
165 504
617 755
309 471
127 502
838 52
901 277
230 409
380 166
13 393
592 982
98 481
804 612
589 292
950 744
266 893
423 431
396 730
877 395
200 3
898 37
746 798
4 666
207 384
833 911
777 114
583 565
595 76
868 874
368 817
308 325
709 421
446 795
150 322
190 40
16 87
768 452
885 772
809 782
156 641
383 623
445 966
188 40
41 55
604 99
562 912
114 961
332 561
755 172
573 945
212 279
722 980
732 297
442 540
78 598
871 461
220 5
116 98
736 157
844 340
948 405
942 61
365 965
312 811
136 886
755 349
855 167
18 586
464 460
816 232
748 376
384 659
382 500
757 117
348 601
147 295
696 89
46 752
53 359
562 189
935 6
228 789
173 938
65 637
397 571
560 145
948 944
494 19
443 250
827 791
541 975
776 928
754 513
679 807
872 240
686 496
284 420
542 349
747 629
611 306
464 558
940 958
267 383
899 93
864 129
758 330
56 511
843 735
7 404
975 384
900 912
989 183
21 220
223 458
849 834
455 3
81 394
961 38
777 549
822 331
679 580
661 735
781 503
160 479
597 825
863 496
736 851
369 447
761 282
906 609
806 360
302 577
754 263
615 221
502 437
242 180
707 903
606 177
95 766
656 692
280 518
878 707
58 246
153 819
529 749
118 334
108 420
912 553
373 216
464 876
343 396
746 740
298 41
918 83
497 573
465 778
782 342
484 530
588 637
349 807
76 157
832 875
267 433
427 331
649 581
897 683
977 642
422 965
374 339
738 871
603 202
648 74
544 131
604 823
459 643
319 535
800 150
409 758
273 527
88 613
798 675
295 465
6 717
119 380
747 858
251 39
750 899
113 985
721 717
497 179
360 816
404 850
657 503
297 930
720 75
542 518
750 837
673 757
244 792
136 991
339 387
29 89
977 833
73 697
549 260
566 599
75 970
139 732
162 436
352 883
202 894
90 952
421 763
708 665
244 535
345 584
922 64
363 898
897 126
284 135
386 850
735 151
509 564
574 672
690 926
244 892
509 24
844 930
787 241
284 721
776 319
995 388
383 357
976 279
173 260
415 559
800 840
401 309
403 975
671 783
900 605
675 408
629 208
28 105
449 2
516 225
322 511
303 395
558 278
675 732
228 780
981 28
309 381
27 712
45 388
494 945
993 859
43 311
66 71
416 516
764 622
431 85
132 424
481 381
702 846
112 931
315 783
959 624
855 676
25 900
63 209
535 55
68 578
366 825
339 472
30 793
93 151
569 917
575 740
297 277
585 99
898 590
572 546
213 426
221 929
16 284
137 241
339 896
819 395
721 848
557 441
640 340
593 208
947 167
638 243
134 222
32 31
502 605
577 405
721 798
333 737
81 161
978 110
747 486
195 157
23 442
599 354
473 191
252 419
48 891
353 183
803 385
214 305
990 792
710 711
279 734
137 361
895 806
161 641
982 47
799 5
489 397
359 962
278 301
381 326
191 734
509 995
809 414
299 799
205 699
199 174
432 336
225 326
832 387
658 814
434 456
819 613
543 868
575 821
168 646
146 50
69 346
44 878
760 33
366 655
422 565
829 545
592 54
871 423
131 218
927 565
364 435
177 907
993 442
417 852
87 564
902 847
600 636
725 359
359 781
704 781
346 532
325 628
276 887
741 407
795 358
662 159
793 530
65 786
972 483
637 750
737 538
286 26
864 701
75 222
482 779
693 518
0 709
145 277
595 576
374 389
934 727
238 727
256 304
202 918
477 529
667 213
757 644
930 620
344 4
842 826
783 224
343 473
933 178
750 217
445 815
607 378
541 845
795 487
839 687
404 315
215 762
218 972
405 147
591 749
842 122
575 624
347 608
97 970
477 537
187 922
41 484
990 272
18 475
759 858
161 163
863 377
615 772
348 19
609 630
768 451
442 32
765 789
331 552
449 808
780 636
419 821
119 408
784 137
883 542
685 735
395 548
111 9
9 149
719 618
469 177
759 912
209 524
390 230
766 839
728 545
164 146
56 283
245 840
421 818
71 796
552 157
343 353
166 42
193 886
661 662
62 109
263 962
633 344
883 89
873 610
634 37
447 380
320 382
910 431
199 982
227 752
138 260
795 995
303 988
570 654
340 322
763 293
975 86
637 857
175 510
156 499
547 293
880 557
675 789
989 875
460 215
316 288
165 110
974 468
789 543
812 128
866 575
421 530
661 749
76 836
258 232
334 495
216 904
51 891
383 39
455 843
945 771
131 801
572 104
959 360
337 771
178 893
345 289
422 696
37 498
221 986
421 245
170 637
149 222
527 532
952 983
64 587
443 886
387 14
680 345
64 17
115 933
910 150
913 22
536 640
520 447
626 631
693 486
267 532
708 485
754 660
467 818
246 600
704 323
305 383
668 59
90 474
993 0
314 905
713 851
544 232
988 860
864 680
346 821
211 744
305 655
93 462
473 339
62 867
352 367
249 20
116 30
184 108
30 498
703 433
38 938
665 26
797 218
396 833
730 298
577 34
953 670
497 425
700 249
291 51
306 231
762 422
261 946
221 982
134 924
104 863
861 769
889 348
678 285
871 407
583 137
131 225
808 318
651 197
567 632
939 563
553 391
986 504
336 206
175 160
820 279
23 681
739 912
719 106
887 589
203 159
727 334
385 224
653 726
111 910
357 49
473 601
440 458
104 467
354 971
627 173
249 650
544 678
252 953
784 829
542 987
989 959
321 63
182 664
789 984
263 836
32 736
436 163
884 231
320 237
201 947
101 140
287 335
819 229
288 602
57 520
279 736
478 290
799 350
954 587
333 216
423 55
643 549
218 526
780 538
454 671
175 245
812 152
270 320
381 558
922 438
77 891
865 245
180 663
595 824
941 618
731 53
674 373
602 582
589 72
811 733
743 986
978 244
828 248
564 208
496 176
336 264
757 200
509 938
554 795
761 494
412 491
547 776
554 148
358 143
911 168
876 654
844 544
588 671
482 843
879 978
709 905
932 465
105 131
92 659
926 854
152 27
34 389
804 589
537 852
732 448
19 297
792 863
841 69
533 322
602 101
991 310
5 922
466 801
52 558
149 668
411 992
386 446
380 880
725 608
731 456
746 750
753 537
302 284
296 835
296 899
626 286
899 631
899 364
122 951
613 271
309 23
263 695
159 643
574 884
250 304
29 686
744 473
913 45
757 209
570 52
798 195
29 696
516 928
751 638
568 363
910 567
76 863
261 927
195 525
500 136
519 530
822 262
693 735
998 449
944 567
191 741
452 911
126 969
838 877
296 96
930 205
663 6
758 615
933 954
830 432
89 349
652 911
611 344
645 299
793 278
866 675
709 8
585 836
977 113
402 963
900 332
859 252
338 616
557 961
569 387
392 658
736 44
259 36
78 904
335 562
873 892
236 581
900 511
106 566
314 509
528 904
531 76
156 869
693 713
519 261
790 601
610 525
645 869
252 414
462 587
976 334
168 211
916 758
412 21
13 417
220 542
320 751
618 476
309 0
880 828
262 669
429 562
885 764
430 136
177 892
413 152
226 582
53 832
339 466
853 353
883 73
585 202
824 893
369 133
584 939
651 846
297 79
97 181
844 527
317 711
108 421
864 334
2 917
165 31
72 709
74 645
782 349
538 295
933 907
118 516
535 770
361 832
849 458
13 382
675 20
93 783
441 647
808 133
563 663
856 326
371 930
971 843
970 508
138 902
104 947
417 639
716 468
471 255
616 174
327 290
194 420
763 326
757 570
459 10
924 4
336 294
625 306
828 594
505 656
495 299
602 912
939 8
69 99
263 685
273 280
665 467
391 427
483 147
157 611
637 493
595 261
490 112
855 685
768 39
984 370
641 922
68 710
711 21
394 984
301 58
141 692
176 624
840 554
947 687
855 584
180 449
535 360
252 80
44 19
119 718
79 761
330 147
470 40
168 555
24 160
303 856
852 479
169 381
723 116
68 577
390 939
717 925
298 969
695 32
988 815
750 758
265 79
905 425
120 764
980 835
924 974
380 775
142 549
847 866
355 915
442 745
853 849
360 150
817 54
873 495
559 622
252 824
702 847
940 512
610 609
36 223
582 416
689 725
965 535
590 320
139 722
755 992
571 114
832 77
860 704
262 108
325 514
933 717
51 562
919 351
170 955
575 753
370 954
477 335
488 757
345 627
478 790
308 739
905 139
817 454
533 78
562 548
283 184
956 24
746 874
375 607
829 640
359 198
593 526
223 771
973 568
87 450
358 395
880 953
224 386
96 447
464 658
996 437
533 951
151 969
824 527
575 652
857 934
541 140
149 764
911 121
22 689
262 70
83 141
713 999
527 809
445 681
156 130
809 689
80 960
658 595
176 232
937 724
857 477
864 696
241 464
818 263
152 770
23 927
911 736
615 127
544 59
808 390
881 616
79 961
266 427
245 442
659 182
165 205
659 719
902 590
183 409
543 25
178 566
642 779
301 256
906 535
6 713
926 887
19 695
537 285
121 783
417 470
655 583
676 313
992 267
904 174
676 136
200 544
322 694
789 227
229 795
630 845
371 649
539 908
624 660
380 732
129 34
4 495
348 996
452 942
170 127
768 60
361 470
592 683
164 70
600 83
555 230
618 926
569 156
834 193
506 904
925 325
939 929
821 977
614 272
918 784
90 375
534 141
846 817
825 700
887 424
473 442
344 90
57 914
937 891
797 442
795 411
767 423
29 277
399 643
240 6
427 20
381 651
161 917
467 986
616 44
100 779
176 444
869 233
47 805
815 844
937 299
254 704
722 283
671 120
927 911
817 43
931 197
694 783
114 852
768 420
586 558
199 762
693 67
685 740
563 499
584 499
488 838
893 209
121 254
19 738
164 836
781 786
724 164
568 838
706 25
257 291
274 146
743 967
905 428
706 467
617 289
656 105
818 239
4 629
493 24
366 347
550 146
132 273
0 390
801 707
106 749
688 380
895 431
346 799
549 51
956 856
31 612
961 849
851 656
477 343
370 533
690 920
369 513
884 369
593 374
75 699
122 454
78 17
885 424
506 433
166 462
288 197
73 940
736 614
285 903
647 655
435 26
264 804
229 838
863 823
212 629
521 334
82 600
41 657
714 548
780 880
9 758
767 773
697 502
76 982
94 723
326 219
439 591
713 669
428 576
491 330
204 11
665 977
301 396
633 15
585 643
169 352
105 557
544 181
228 329
594 555
548 33
836 261
702 954
837 192
284 731
894 639
397 886
34 29
591 669
131 175
1 300
217 798
547 452
669 776
781 263
20 328
296 546
589 688
499 115
570 473
536 153
111 933
38 837
962 629
505 783
495 196
774 712
994 320
163 663
786 634
926 496
963 912
41 241
289 231
357 549
394 893
702 196
516 431
32 167
59 227
951 244
423 724
957 107
734 810
770 520
444 385
706 96
987 438
337 966
359 384
514 753
968 215
949 483
646 981
340 396
207 290
640 321
704 286
428 438
787 888
648 921
272 353
16 949
791 43
914 149
118 427
593 85
332 541
258 669
212 598
64 419
579 394
430 282
371 858
720 157
745 57
77 707
411 784
655 892
827 568
732 945
685 324
720 17
555 668
686 767
957 440
877 535
524 306
507 895
855 918
742 289
975 509
687 385
292 341
968 119
600 699
754 975
713 164
832 367
725 788
497 601
12 21
597 520
606 141
127 348
431 101
547 808
177 840
148 144
649 438
533 402
103 936
256 785
893 88
152 617
566 339
908 269
50 505
479 657
646 606
695 767
707 241
771 413
718 419
541 941
512 644
876 768
429 769
546 271
