1000 1000
200
995 219
505 95
385 64
241 196
318 927
228 428
329 606
619 535
200 707
660 574
19 292
88 872
950 788
769 779
272 563
896 267
782 400
52 857
154 293
744 473
219 972
591 238
267 209
464 467
916 814
40 625
105 820
496 54
297 264
523 570
828 418
527 299
509 269
156 663
562 900
826 471
561 416
710 828
315 864
985 230
677 25
856 782
535 41
527 832
306 49
91 824
158 618
122 357
887 969
710 138
868 536
610 118
642 9
946 958
873 931
878 549
646 733
20 180
775 547
11 771
287 103
594 135
411 406
492 989
375 201
817 933
427 116
51 69
125 687
717 688
307 594
927 643
17 638
823 482
184 525
943 161
318 226
296 419
632 478
97 697
370 915
320 797
30 371
556 847
748 272
224 746
557 151
388 264
789 211
746 663
426 688
825 744
914 811
853 235
980 951
933 349
865 252
836 585
313 392
431 751
354 656
496 601
497 885
865 976
786 300
638 211
678 152
645 281
654 187
517 633
137 139
672 692
81 507
968 84
589 398
835 944
744 331
234 931
906 99
906 691
89 234
592 768
386 927
48 730
113 255
362 942
394 33
323 165
231 290
249 820
379 775
763 813
796 688
744 701
787 339
81 566
573 363
333 650
980 382
379 783
327 432
724 722
155 47
577 386
27 827
206 406
601 659
219 86
346 963
787 823
301 558
389 565
921 412
214 590
484 283
372 812
715 787
533 871
524 109
947 551
626 843
958 917
502 176
2 538
829 479
51 820
36 130
384 647
542 288
236 26
572 609
838 977
395 60
537 919
860 484
159 486
326 116
92 518
983 95
747 501
264 798
321 301
928 395
948 469
374 875
185 636
173 22
612 568
82 149
176 633
323 335
118 339
142 901
858 124
686 604
626 951
91 637
251 709
722 889
177 95
