1000 1000
400
453 363
731 626
75 33
193 849
182 59
481 505
395 289
844 537
189 391
351 876
685 667
826 466
994 767
174 716
345 352
501 799
405 923
424 480
956 308
18 828
367 499
22 452
788 556
679 978
638 30
543 322
697 368
789 691
825 653
96 169
4 287
968 99
209 392
270 855
700 288
682 757
788 394
209 265
951 888
242 588
918 785
600 305
843 78
686 667
732 472
837 426
759 494
216 969
886 486
513 275
464 886
32 942
279 932
207 920
819 449
197 427
925 798
422 457
566 107
124 988
579 651
414 337
144 320
996 721
806 509
686 960
394 408
902 363
339 108
283 849
247 480
275 862
968 697
319 224
494 133
211 763
784 315
99 618
635 786
28 130
985 715
90 68
122 992
431 152
99 404
0 36
575 275
899 542
662 217
456 846
350 668
608 824
673 707
131 308
182 160
438 166
565 218
234 377
209 356
529 999
760 529
35 334
494 624
567 846
841 22
691 881
380 298
394 53
696 215
51 878
375 489
735 630
398 659
7 607
14 536
296 465
756 21
799 249
645 365
786 485
78 476
55 458
775 449
511 160
354 252
37 730
432 462
49 830
121 56
126 826
283 422
290 38
443 780
978 87
835 763
262 913
930 317
371 394
456 572
554 811
825 281
230 256
744 970
776 555
26 902
380 1000
324 361
37 457
140 705
545 975
158 497
578 87
505 949
171 651
210 725
151 725
5 71
671 749
41 446
994 67
38 374
66 362
425 794
509 565
188 744
229 346
241 807
123 746
445 294
86 346
709 238
70 715
309 432
153 350
568 147
107 606
211 173
658 636
657 167
891 846
911 810
882 842
617 696
277 752
680 364
97 389
602 859
794 601
290 947
952 548
784 58
154 995
923 502
320 579
359 901
424 270
711 997
802 17
692 79
769 371
443 867
760 735
725 553
335 705
190 977
252 974
35 96
659 648
599 669
226 648
570 341
918 971
337 410
988 719
489 446
89 622
312 540
46 727
783 381
431 663
48 374
327 774
470 986
421 759
654 647
407 914
678 14
574 705
424 561
423 603
7 203
224 9
743 270
737 215
342 858
569 80
231 896
854 392
881 274
150 224
611 247
829 289
953 402
994 376
654 417
670 351
310 584
360 743
545 787
958 887
645 526
657 876
421 510
267 992
784 108
907 84
355 735
373 307
136 57
374 480
164 43
831 474
317 191
216 862
668 864
438 312
80 94
188 501
604 145
183 77
253 89
162 299
824 225
296 650
282 360
130 136
93 651
610 411
842 516
272 200
380 711
512 460
805 390
651 99
536 524
176 479
613 28
468 126
254 765
777 226
124 597
363 218
247 663
629 780
870 901
980 249
301 491
399 106
572 740
205 107
264 71
276 877
791 745
3 44
509 470
961 323
66 13
541 3
367 860
783 236
451 762
175 752
944 574
858 515
313 753
312 577
515 588
454 305
22 147
39 221
617 1000
545 373
704 776
376 70
326 850
997 777
611 171
528 244
745 76
449 748
519 451
15 33
730 159
338 752
306 377
974 613
67 208
986 461
984 51
221 309
901 217
776 202
388 304
136 823
70 586
260 589
36 275
623 766
434 651
208 430
28 181
42 786
389 718
246 62
770 467
62 670
684 838
562 762
832 699
274 902
284 224
181 10
500 804
467 624
454 675
54 172
546 96
958 625
505 203
687 274
360 439
634 734
968 887
495 799
585 459
391 559
684 572
569 874
375 726
187 519
400 241
382 636
28 339
260 533
233 638
497 283
76 821
17 43
707 512
533 291
662 924
540 35
185 800
599 250
525 786
769 616
27 150
251 746
180 512
969 103
