1000 1000
1600
562 550
362 562
481 457
689 351
314 958
525 69
342 844
680 975
804 956
744 624
243 92
945 867
301 692
217 631
536 901
962 788
140 13
349 621
470 729
972 475
686 496
544 718
29 914
692 523
559 125
146 802
909 781
359 209
472 576
841 698
166 492
485 306
505 525
927 666
253 588
140 939
774 684
656 493
597 38
15 155
163 161
957 71
632 5
281 794
271 812
491 437
303 666
433 498
190 359
163 133
637 303
71 410
677 418
903 964
456 608
809 309
459 766
381 90
461 352
574 733
163 64
169 156
421 603
654 301
652 508
435 289
811 506
389 178
614 292
141 69
590 951
379 49
406 450
830 867
802 404
599 655
158 459
811 579
61 154
881 403
662 315
692 163
511 81
341 125
63 482
885 653
122 954
392 528
93 222
85 895
626 684
549 784
142 49
363 894
204 934
297 866
939 679
28 449
760 59
264 513
232 149
857 354
793 248
573 887
470 658
471 95
341 711
570 174
760 623
758 964
556 54
520 494
424 238
633 874
298 898
387 530
737 243
574 219
181 146
105 342
804 267
127 836
978 697
700 737
319 457
391 565
202 911
58 626
839 382
499 136
970 576
356 396
509 621
615 691
767 411
32 261
678 850
787 655
547 176
391 866
323 472
121 525
382 870
841 221
251 30
47 220
606 94
616 806
715 922
496 171
332 218
122 700
67 599
354 304
775 435
861 789
908 982
3 980
851 845
891 793
565 629
12 170
723 319
976 127
931 161
989 262
69 802
652 828
90 5
822 556
130 682
344 728
353 347
708 204
882 288
997 446
917 699
307 329
708 973
456 638
825 135
590 894
627 241
411 717
937 924
272 67
605 616
795 959
964 192
853 535
481 539
982 397
928 288
727 636
260 873
964 84
698 554
669 324
485 770
41 422
693 3
179 989
620 664
637 273
857 489
808 27
718 479
424 645
767 841
971 27
404 935
802 101
488 470
116 663
931 848
84 623
851 263
611 160
928 247
433 474
426 932
501 143
410 615
479 177
456 449
895 550
383 386
341 561
547 457
224 477
304 999
790 846
953 401
5 570
338 129
43 455
60 234
598 470
849 767
337 995
216 922
544 289
999 886
541 545
32 765
712 27
453 501
873 405
592 878
975 621
6 708
75 757
942 363
918 481
130 254
475 346
867 710
325 865
285 866
99 7
320 811
34 774
311 907
869 594
475 844
214 171
241 289
619 874
652 536
354 782
480 519
818 36
919 143
901 203
699 1000
902 19
500 936
793 812
533 661
405 698
194 619
559 436
598 177
309 249
713 353
31 884
872 539
920 481
682 511
374 381
200 275
90 701
211 883
202 434
233 297
131 118
606 690
244 203
868 243
452 270
596 173
153 157
713 73
638 84
584 703
155 784
978 245
174 188
127 376
622 51
673 443
860 278
133 103
481 691
346 624
961 632
797 805
479 199
878 808
284 151
510 439
625 487
685 800
366 502
175 678
243 539
121 102
817 945
205 989
635 241
612 595
563 98
399 733
298 967
540 582
808 740
711 433
917 395
923 282
588 788
651 831
326 772
934 834
406 829
512 40
761 123
325 13
912 415
746 209
381 976
481 880
405 883
2 322
277 925
294 555
402 945
386 419
406 9
943 812
528 454
542 288
267 868
993 178
282 428
78 353
404 249
923 499
131 925
821 99
539 115
654 632
750 730
50 156
739 993
658 267
446 200
245 713
758 237
581 39
666 659
82 760
599 5
258 730
620 79
519 850
885 173
481 634
593 531
480 332
213 138
599 659
28 844
61 786
81 642
515 437
992 287
196 590
983 454
9 603
223 219
142 107
82 623
432 675
153 912
6 56
740 295
715 768
139 466
243 911
798 758
37 789
736 233
68 718
377 769
10 601
988 152
398 760
465 830
434 308
432 441
364 171
736 769
630 565
234 873
165 32
321 202
511 747
125 270
464 503
729 165
794 406
7 191
165 473
712 599
781 143
730 145
4 156
914 634
411 839
197 577
871 208
469 71
955 595
341 418
97 760
273 891
165 281
772 330
444 173
620 224
6 349
59 11
195 974
335 607
502 222
874 62
430 342
133 384
937 165
493 33
925 766
614 90
737 76
420 180
249 39
405 947
79 154
958 274
818 983
571 319
205 444
381 325
787 515
710 723
370 202
447 294
658 751
384 395
517 495
575 767
224 670
713 303
825 360
268 642
32 839
962 928
283 342
253 760
547 653
482 917
855 619
211 512
60 285
597 577
470 172
33 695
532 746
688 356
796 646
689 519
175 650
446 458
682 389
908 920
41 79
836 896
699 737
98 449
713 695
25 182
557 59
567 89
495 946
135 982
281 824
500 456
163 636
604 536
25 511
455 66
591 290
653 980
718 441
428 430
826 453
302 383
202 560
162 698
505 297
369 786
812 869
933 975
194 536
510 219
47 965
977 638
946 629
617 663
760 735
783 585
187 84
658 80
644 820
468 839
808 837
315 619
395 247
283 589
473 794
809 520
448 475
848 83
794 154
436 553
889 218
137 767
994 796
847 327
305 314
857 112
150 171
731 545
108 705
824 581
498 322
792 636
797 639
410 590
794 846
833 372
755 661
138 438
146 985
455 451
989 311
254 138
172 675
373 280
379 888
552 567
209 343
203 6
672 613
286 155
148 810
528 903
470 356
30 616
31 486
757 19
797 10
849 660
686 912
630 64
799 181
632 8
214 525
705 887
828 681
41 666
490 569
259 650
926 289
956 647
775 713
666 262
413 514
922 789
116 241
854 915
423 175
613 327
390 317
213 908
689 255
573 178
514 832
519 129
121 474
776 586
877 132
848 290
336 459
78 452
391 622
367 504
487 670
831 877
678 44
784 366
990 47
234 193
879 753
323 690
227 789
276 103
921 814
83 257
964 162
709 354
474 766
858 962
126 688
838 804
422 312
169 411
359 403
295 928
847 618
618 764
406 894
557 17
707 641
274 670
493 673
714 967
129 571
618 255
950 146
749 371
458 918
473 507
10 768
434 547
75 51
310 171
635 868
879 342
508 152
702 691
516 106
347 335
677 966
280 316
111 28
378 259
636 851
766 646
308 890
193 73
942 193
935 576
60 814
608 258
656 0
949 171
106 987
196 473
952 476
790 62
194 167
321 830
708 777
476 706
666 359
469 297
552 403
564 303
216 862
251 873
862 891
734 658
877 931
822 828
96 611
580 291
468 591
811 866
367 286
261 723
335 730
20 578
132 584
571 39
135 822
912 688
712 335
345 278
956 166
796 52
467 375
33 625
966 844
490 22
821 751
746 846
170 456
113 303
730 684
342 865
196 944
552 598
278 588
877 234
444 672
977 602
47 700
226 703
233 407
416 53
848 161
590 18
307 703
11 36
387 43
591 583
987 143
180 955
421 747
879 865
419 545
156 156
935 383
549 168
480 965
912 327
125 501
345 432
204 46
158 281
89 750
554 766
583 424
411 3
171 289
558 280
525 715
436 459
788 985
317 267
640 229
594 765
420 630
888 314
676 736
595 766
485 839
531 758
263 942
451 124
922 9
94 136
414 220
285 201
204 603
468 534
522 752
299 942
381 877
256 57
302 541
823 478
380 43
235 333
676 687
147 287
386 241
113 800
461 398
0 355
691 158
890 212
910 879
154 291
445 410
38 747
951 551
224 20
594 150
353 960
837 190
937 222
431 49
712 892
448 712
247 138
560 827
351 469
705 195
760 149
295 798
896 936
38 811
957 633
961 1000
282 797
190 219
709 621
268 420
203 406
822 140
545 381
967 586
540 671
471 991
510 766
478 95
701 517
906 347
149 866
347 121
352 227
340 751
848 609
861 741
705 682
881 249
753 847
525 293
207 996
283 717
761 451
813 152
968 718
499 807
274 846
929 316
72 268
67 611
567 928
351 272
300 923
211 52
769 427
35 667
422 8
383 874
460 886
25 427
294 524
234 568
60 162
884 823
120 641
123 378
569 165
340 869
87 551
611 546
978 337
212 90
345 286
964 495
171 679
923 465
893 847
723 953
699 297
466 819
938 589
887 196
444 226
755 531
778 366
77 445
393 980
535 738
265 188
924 127
867 536
282 760
382 696
402 80
993 868
589 620
147 166
817 591
392 571
122 169
627 890
305 19
869 840
448 825
719 371
952 585
907 233
344 979
929 747
749 611
304 27
231 451
193 738
733 586
999 855
445 316
434 750
335 993
280 473
817 999
844 768
273 440
692 308
418 310
745 166
922 48
194 843
190 387
270 923
973 268
467 108
584 901
858 610
583 828
82 400
516 617
858 790
56 239
97 475
550 842
331 161
580 215
3 460
603 964
382 265
231 539
373 506
129 922
115 713
439 888
112 956
504 660
435 251
900 532
416 449
63 747
300 333
963 303
794 255
957 866
210 187
405 584
383 224
195 188
937 634
767 739
279 270
399 714
211 989
936 627
437 689
64 737
22 717
730 506
972 686
61 181
563 156
455 637
381 340
825 7
975 281
747 253
552 836
658 453
824 593
80 951
282 835
377 995
551 797
190 212
172 251
83 425
408 539
61 789
569 577
486 543
858 232
487 99
758 144
553 271
427 323
221 709
848 288
393 398
84 583
300 256
835 383
682 933
612 743
411 181
9 897
414 868
820 591
657 577
735 209
539 853
222 760
251 69
739 645
157 823
918 457
79 442
531 451
374 833
884 475
13 894
372 118
451 191
709 107
458 134
7 997
987 920
447 928
990 185
572 146
7 490
294 777
622 825
918 997
347 802
471 51
385 533
169 836
724 568
633 873
392 330
869 68
250 315
997 930
190 568
766 198
748 59
665 370
574 583
56 922
74 217
973 459
751 832
985 164
399 307
727 792
638 596
860 578
601 856
507 792
114 963
680 552
713 34
612 286
307 668
898 381
576 560
840 326
81 824
180 171
822 908
653 149
193 202
727 484
58 924
966 863
886 335
104 598
370 717
575 677
384 162
58 650
413 588
666 494
102 847
355 924
444 7
72 637
210 799
811 959
412 777
821 988
111 925
586 481
641 851
849 716
703 597
55 115
184 722
300 286
258 655
900 702
663 972
28 563
460 839
521 872
615 341
550 417
956 826
588 287
676 436
693 68
32 748
184 908
159 174
884 417
519 784
118 872
755 837
434 906
366 955
467 981
986 16
87 632
842 676
919 207
111 301
276 835
739 150
742 899
324 625
315 843
408 124
405 854
961 839
759 326
794 916
998 779
933 84
410 774
450 18
672 562
9 948
86 749
97 828
337 111
142 652
644 241
466 48
785 117
888 233
133 371
148 821
149 80
906 250
545 355
959 216
607 969
854 693
407 641
210 744
752 43
85 395
284 242
134 68
359 712
992 492
82 139
313 922
911 909
862 145
954 821
51 251
479 905
634 576
545 845
9 987
888 785
71 862
26 205
620 385
917 611
568 689
440 571
611 350
169 472
495 813
983 236
63 461
140 698
36 375
232 736
361 810
521 123
671 547
328 290
623 936
591 881
624 30
451 925
71 310
397 256
122 379
493 186
531 323
574 257
389 496
994 440
305 514
563 666
60 582
646 683
517 236
563 831
957 704
756 27
13 152
284 827
221 467
12 752
790 276
9 178
772 693
619 767
206 181
432 266
453 77
640 970
313 893
491 960
287 246
988 991
88 271
817 1000
738 519
752 217
795 451
396 256
143 705
22 39
576 144
996 29
221 635
689 224
218 179
184 505
425 862
185 203
132 2
203 560
521 645
467 6
786 553
262 619
257 976
658 524
810 343
243 31
979 932
946 887
111 820
81 226
681 266
120 503
268 13
753 790
658 220
486 133
773 438
752 721
103 99
244 914
442 487
635 110
108 580
687 219
400 768
136 80
34 947
274 993
960 26
472 617
246 958
440 19
396 882
430 499
671 674
412 803
851 46
914 959
317 600
869 407
58 695
177 783
641 451
775 600
478 247
907 724
895 346
433 981
918 863
480 588
226 582
390 76
319 994
726 326
594 284
733 342
979 910
124 309
361 899
599 839
836 505
252 731
541 686
401 458
548 881
736 775
153 125
541 162
119 957
488 403
240 911
745 909
820 559
217 871
457 816
399 984
10 652
404 241
337 805
389 575
376 124
39 219
941 271
381 59
227 559
152 158
469 897
66 979
455 284
540 602
790 939
275 491
590 679
732 617
174 121
883 550
936 922
769 876
883 840
625 110
88 777
268 247
363 24
916 508
308 455
110 789
394 385
279 674
755 701
291 929
512 173
168 138
785 627
13 668
466 639
468 554
105 426
491 469
450 406
977 449
862 777
928 946
853 897
619 607
597 910
225 800
773 393
938 248
19 641
606 175
279 73
419 75
499 910
544 639
315 520
87 867
988 705
812 840
601 431
446 198
30 671
688 494
754 625
742 773
265 347
638 235
110 56
310 299
656 544
938 971
754 716
528 741
420 339
580 21
770 716
910 491
76 597
985 830
912 726
292 867
763 930
792 873
676 792
171 331
335 108
993 780
514 520
520 935
859 791
646 319
506 245
810 583
842 794
412 443
209 395
309 972
324 101
844 691
893 14
21 919
813 704
698 327
223 217
952 773
7 597
91 204
532 901
787 63
384 889
506 593
283 505
564 298
606 97
989 189
111 700
798 614
404 495
941 627
402 582
399 100
869 180
304 400
771 781
463 154
669 969
437 953
164 691
941 460
788 929
649 589
318 446
203 722
631 834
39 33
106 128
133 975
309 127
375 770
908 528
925 576
187 51
218 351
433 158
811 220
777 150
500 95
286 393
507 918
917 546
951 22
675 774
998 674
901 62
133 808
590 748
383 467
800 292
818 232
450 319
142 918
469 642
12 755
725 519
672 642
756 312
664 120
85 351
484 676
413 617
483 694
365 557
160 164
849 669
86 989
988 228
596 146
561 608
901 285
818 263
927 573
265 281
383 41
632 867
717 736
483 891
119 848
447 970
702 986
638 788
664 315
707 260
461 267
558 52
242 375
315 860
638 580
140 20
621 462
887 28
197 60
919 316
908 365
977 300
40 614
87 394
620 484
654 80
751 903
132 994
968 137
853 606
718 683
316 28
144 894
56 342
954 975
348 551
29 14
851 760
629 629
845 248
112 188
18 864
90 842
547 58
979 89
354 696
772 670
415 606
563 161
638 516
827 677
67 546
691 918
997 319
236 841
257 349
28 967
903 119
808 449
177 786
228 531
172 690
891 277
295 454
438 934
660 264
610 727
501 300
335 497
310 571
337 257
610 365
223 512
